0	1	4402	0.762912
0	2	4388	0.760485
0	3	4410	0.764298
0	4	4392	0.761179
0	5	4412	0.764645
0	6	4464	0.773657
0	7	4444	0.770191
0	8	4454	0.771924
0	9	4432	0.768111
0	10	4406	0.763605
0	11	4418	0.765685
0	12	4460	0.772964
0	13	4416	0.765338
0	14	4392	0.761179
0	15	4454	0.771924
0	16	4454	0.771924
0	17	4474	0.775390
0	18	4430	0.767764
0	19	4462	0.773310
0	20	4442	0.769844
0	21	4432	0.768111
0	22	4454	0.771924
0	23	4444	0.770191
0	24	4460	0.772964
0	25	4442	0.769844
0	26	4486	0.777470
0	27	4432	0.768111
0	28	4460	0.772964
0	29	4412	0.764645
0	30	4424	0.766724
0	31	4416	0.765338
0	32	4440	0.769497
0	33	4450	0.771231
0	34	4470	0.774697
0	35	4444	0.770191
0	36	4476	0.775737
0	37	4424	0.766724
0	38	4470	0.774697
0	39	4408	0.763951
0	40	4472	0.775043
0	41	4394	0.761525
0	42	4434	0.768458
0	43	4428	0.767418
0	44	4432	0.768111
0	45	4422	0.766378
0	46	4440	0.769497
0	47	4496	0.779203
0	48	4424	0.766724
0	49	4482	0.776776
0	50	4462	0.773310
0	51	4498	0.779549
0	52	4446	0.770537
0	53	4442	0.769844
0	54	4420	0.766031
0	55	4430	0.767764
0	56	4464	0.773657
0	57	4462	0.773310
0	58	4432	0.768111
0	59	4452	0.771577
0	60	4472	0.775043
0	61	4444	0.770191
0	62	4438	0.769151
0	63	4498	0.779549
0	64	4450	0.771231
0	65	4476	0.775737
0	66	4460	0.772964
0	67	4452	0.771577
0	68	4442	0.769844
0	69	4472	0.775043
0	70	4426	0.767071
0	71	4442	0.769844
0	72	4482	0.776776
0	73	4482	0.776776
0	74	4478	0.776083
0	75	4456	0.772270
0	76	4448	0.770884
0	77	4496	0.779203
0	78	4410	0.764298
0	79	4494	0.778856
0	80	4494	0.778856
0	81	4486	0.777470
0	82	4480	0.776430
0	83	4454	0.771924
0	84	4438	0.769151
0	85	4460	0.772964
0	86	4472	0.775043
0	87	4452	0.771577
0	88	4484	0.777123
0	89	4468	0.774350
0	90	4454	0.771924
0	91	4478	0.776083
0	92	4472	0.775043
0	93	4502	0.780243
0	94	4494	0.778856
0	95	4468	0.774350
0	96	4506	0.780936
0	97	4448	0.770884
0	98	4476	0.775737
0	99	4546	0.787868
1	2	4432	0.768111
1	3	4374	0.758059
1	4	4456	0.772270
1	5	4424	0.766724
1	6	4428	0.767418
1	7	4422	0.766378
1	8	4398	0.762218
1	9	4448	0.770884
1	10	4450	0.771231
1	11	4428	0.767418
1	12	4452	0.771577
1	13	4414	0.764991
1	14	4396	0.761872
1	15	4412	0.764645
1	16	4426	0.767071
1	17	4390	0.760832
1	18	4444	0.770191
1	19	4406	0.763605
1	20	4456	0.772270
1	21	4430	0.767764
1	22	4430	0.767764
1	23	4404	0.763258
1	24	4436	0.768804
1	25	4422	0.766378
1	26	4458	0.772617
1	27	4452	0.771577
1	28	4466	0.774003
1	29	4404	0.763258
1	30	4422	0.766378
1	31	4408	0.763951
1	32	4406	0.763605
1	33	4452	0.771577
1	34	4430	0.767764
1	35	4452	0.771577
1	36	4460	0.772964
1	37	4460	0.772964
1	38	4440	0.769497
1	39	4446	0.770537
1	40	4468	0.774350
1	41	4420	0.766031
1	42	4476	0.775737
1	43	4412	0.764645
1	44	4432	0.768111
1	45	4414	0.764991
1	46	4412	0.764645
1	47	4440	0.769497
1	48	4446	0.770537
1	49	4452	0.771577
1	50	4430	0.767764
1	51	4450	0.771231
1	52	4456	0.772270
1	53	4406	0.763605
1	54	4412	0.764645
1	55	4422	0.766378
1	56	4444	0.770191
1	57	4420	0.766031
1	58	4460	0.772964
1	59	4442	0.769844
1	60	4448	0.770884
1	61	4402	0.762912
1	62	4466	0.774003
1	63	4456	0.772270
1	64	4416	0.765338
1	65	4476	0.775737
1	66	4466	0.774003
1	67	4390	0.760832
1	68	4434	0.768458
1	69	4408	0.763951
1	70	4476	0.775737
1	71	4432	0.768111
1	72	4438	0.769151
1	73	4424	0.766724
1	74	4412	0.764645
1	75	4432	0.768111
1	76	4458	0.772617
1	77	4424	0.766724
1	78	4460	0.772964
1	79	4444	0.770191
1	80	4478	0.776083
1	81	4438	0.769151
1	82	4428	0.767418
1	83	4404	0.763258
1	84	4444	0.770191
1	85	4472	0.775043
1	86	4456	0.772270
1	87	4444	0.770191
1	88	4456	0.772270
1	89	4464	0.773657
1	90	4476	0.775737
1	91	4424	0.766724
1	92	4460	0.772964
1	93	4410	0.764298
1	94	4452	0.771577
1	95	4482	0.776776
1	96	4504	0.780589
1	97	4448	0.770884
1	98	4454	0.771924
1	99	4480	0.776430
2	3	4428	0.767418
2	4	4450	0.771231
2	5	4410	0.764298
2	6	4440	0.769497
2	7	4408	0.763951
2	8	4446	0.770537
2	9	4436	0.768804
2	10	4444	0.770191
2	11	4410	0.764298
2	12	4454	0.771924
2	13	4472	0.775043
2	14	4410	0.764298
2	15	4440	0.769497
2	16	4452	0.771577
2	17	4444	0.770191
2	18	4440	0.769497
2	19	4488	0.777816
2	20	4450	0.771231
2	21	4418	0.765685
2	22	4442	0.769844
2	23	4428	0.767418
2	24	4434	0.768458
2	25	4430	0.767764
2	26	4484	0.777123
2	27	4462	0.773310
2	28	4448	0.770884
2	29	4416	0.765338
2	30	4466	0.774003
2	31	4460	0.772964
2	32	4452	0.771577
2	33	4430	0.767764
2	34	4476	0.775737
2	35	4456	0.772270
2	36	4442	0.769844
2	37	4484	0.777123
2	38	4504	0.780589
2	39	4492	0.778510
2	40	4474	0.775390
2	41	4430	0.767764
2	42	4458	0.772617
2	43	4420	0.766031
2	44	4468	0.774350
2	45	4454	0.771924
2	46	4432	0.768111
2	47	4464	0.773657
2	48	4470	0.774697
2	49	4454	0.771924
2	50	4460	0.772964
2	51	4440	0.769497
2	52	4474	0.775390
2	53	4448	0.770884
2	54	4464	0.773657
2	55	4406	0.763605
2	56	4456	0.772270
2	57	4462	0.773310
2	58	4434	0.768458
2	59	4444	0.770191
2	60	4452	0.771577
2	61	4406	0.763605
2	62	4486	0.777470
2	63	4460	0.772964
2	64	4488	0.777816
2	65	4496	0.779203
2	66	4470	0.774697
2	67	4450	0.771231
2	68	4484	0.777123
2	69	4436	0.768804
2	70	4504	0.780589
2	71	4474	0.775390
2	72	4442	0.769844
2	73	4482	0.776776
2	74	4476	0.775737
2	75	4428	0.767418
2	76	4412	0.764645
2	77	4500	0.779896
2	78	4456	0.772270
2	79	4430	0.767764
2	80	4496	0.779203
2	81	4464	0.773657
2	82	4464	0.773657
2	83	4492	0.778510
2	84	4470	0.774697
2	85	4482	0.776776
2	86	4462	0.773310
2	87	4476	0.775737
2	88	4490	0.778163
2	89	4440	0.769497
2	90	4498	0.779549
2	91	4474	0.775390
2	92	4480	0.776430
2	93	4490	0.778163
2	94	4486	0.777470
2	95	4510	0.781629
2	96	4458	0.772617
2	97	4444	0.770191
2	98	4472	0.775043
2	99	4488	0.777816
3	4	4406	0.763605
3	5	4428	0.767418
3	6	4466	0.774003
3	7	4420	0.766031
3	8	4420	0.766031
3	9	4460	0.772964
3	10	4424	0.766724
3	11	4412	0.764645
3	12	4452	0.771577
3	13	4404	0.763258
3	14	4432	0.768111
3	15	4450	0.771231
3	16	4446	0.770537
3	17	4414	0.764991
3	18	4446	0.770537
3	19	4422	0.766378
3	20	4428	0.767418
3	21	4462	0.773310
3	22	4432	0.768111
3	23	4456	0.772270
3	24	4448	0.770884
3	25	4454	0.771924
3	26	4464	0.773657
3	27	4474	0.775390
3	28	4488	0.777816
3	29	4454	0.771924
3	30	4440	0.769497
3	31	4414	0.764991
3	32	4432	0.768111
3	33	4474	0.775390
3	34	4440	0.769497
3	35	4426	0.767071
3	36	4444	0.770191
3	37	4422	0.766378
3	38	4462	0.773310
3	39	4480	0.776430
3	40	4470	0.774697
3	41	4462	0.773310
3	42	4424	0.766724
3	43	4444	0.770191
3	44	4430	0.767764
3	45	4422	0.766378
3	46	4438	0.769151
3	47	4474	0.775390
3	48	4452	0.771577
3	49	4434	0.768458
3	50	4414	0.764991
3	51	4432	0.768111
3	52	4488	0.777816
3	53	4454	0.771924
3	54	4468	0.774350
3	55	4434	0.768458
3	56	4444	0.770191
3	57	4456	0.772270
3	58	4462	0.773310
3	59	4426	0.767071
3	60	4456	0.772270
3	61	4424	0.766724
3	62	4494	0.778856
3	63	4434	0.768458
3	64	4466	0.774003
3	65	4446	0.770537
3	66	4470	0.774697
3	67	4436	0.768804
3	68	4456	0.772270
3	69	4452	0.771577
3	70	4480	0.776430
3	71	4440	0.769497
3	72	4446	0.770537
3	73	4460	0.772964
3	74	4452	0.771577
3	75	4442	0.769844
3	76	4440	0.769497
3	77	4484	0.777123
3	78	4458	0.772617
3	79	4468	0.774350
3	80	4498	0.779549
3	81	4464	0.773657
3	82	4450	0.771231
3	83	4480	0.776430
3	84	4444	0.770191
3	85	4474	0.775390
3	86	4494	0.778856
3	87	4480	0.776430
3	88	4474	0.775390
3	89	4484	0.777123
3	90	4460	0.772964
3	91	4432	0.768111
3	92	4442	0.769844
3	93	4474	0.775390
3	94	4470	0.774697
3	95	4488	0.777816
3	96	4496	0.779203
3	97	4448	0.770884
3	98	4444	0.770191
3	99	4486	0.777470
4	5	4446	0.770537
4	6	4468	0.774350
4	7	4446	0.770537
4	8	4444	0.770191
4	9	4434	0.768458
4	10	4428	0.767418
4	11	4422	0.766378
4	12	4412	0.764645
4	13	4420	0.766031
4	14	4424	0.766724
4	15	4410	0.764298
4	16	4414	0.764991
4	17	4466	0.774003
4	18	4466	0.774003
4	19	4476	0.775737
4	20	4414	0.764991
4	21	4464	0.773657
4	22	4424	0.766724
4	23	4450	0.771231
4	24	4422	0.766378
4	25	4426	0.767071
4	26	4428	0.767418
4	27	4402	0.762912
4	28	4436	0.768804
4	29	4446	0.770537
4	30	4448	0.770884
4	31	4416	0.765338
4	32	4438	0.769151
4	33	4426	0.767071
4	34	4424	0.766724
4	35	4414	0.764991
4	36	4440	0.769497
4	37	4470	0.774697
4	38	4442	0.769844
4	39	4458	0.772617
4	40	4442	0.769844
4	41	4438	0.769151
4	42	4436	0.768804
4	43	4450	0.771231
4	44	4462	0.773310
4	45	4482	0.776776
4	46	4466	0.774003
4	47	4452	0.771577
4	48	4424	0.766724
4	49	4434	0.768458
4	50	4436	0.768804
4	51	4428	0.767418
4	52	4476	0.775737
4	53	4420	0.766031
4	54	4468	0.774350
4	55	4462	0.773310
4	56	4426	0.767071
4	57	4424	0.766724
4	58	4484	0.777123
4	59	4460	0.772964
4	60	4450	0.771231
4	61	4492	0.778510
4	62	4418	0.765685
4	63	4480	0.776430
4	64	4456	0.772270
4	65	4488	0.777816
4	66	4452	0.771577
4	67	4456	0.772270
4	68	4440	0.769497
4	69	4442	0.769844
4	70	4468	0.774350
4	71	4432	0.768111
4	72	4450	0.771231
4	73	4432	0.768111
4	74	4480	0.776430
4	75	4430	0.767764
4	76	4482	0.776776
4	77	4466	0.774003
4	78	4434	0.768458
4	79	4462	0.773310
4	80	4472	0.775043
4	81	4520	0.783362
4	82	4418	0.765685
4	83	4504	0.780589
4	84	4428	0.767418
4	85	4440	0.769497
4	86	4482	0.776776
4	87	4414	0.764991
4	88	4446	0.770537
4	89	4462	0.773310
4	90	4458	0.772617
4	91	4500	0.779896
4	92	4504	0.780589
4	93	4454	0.771924
4	94	4468	0.774350
4	95	4516	0.782669
4	96	4474	0.775390
4	97	4476	0.775737
4	98	4468	0.774350
4	99	4486	0.777470
5	6	4482	0.776776
5	7	4428	0.767418
5	8	4450	0.771231
5	9	4448	0.770884
5	10	4392	0.761179
5	11	4458	0.772617
5	12	4422	0.766378
5	13	4428	0.767418
5	14	4420	0.766031
5	15	4402	0.762912
5	16	4462	0.773310
5	17	4430	0.767764
5	18	4446	0.770537
5	19	4442	0.769844
5	20	4430	0.767764
5	21	4446	0.770537
5	22	4430	0.767764
5	23	4484	0.777123
5	24	4442	0.769844
5	25	4398	0.762218
5	26	4434	0.768458
5	27	4442	0.769844
5	28	4418	0.765685
5	29	4432	0.768111
5	30	4420	0.766031
5	31	4442	0.769844
5	32	4454	0.771924
5	33	4450	0.771231
5	34	4472	0.775043
5	35	4430	0.767764
5	36	4410	0.764298
5	37	4476	0.775737
5	38	4476	0.775737
5	39	4442	0.769844
5	40	4426	0.767071
5	41	4412	0.764645
5	42	4458	0.772617
5	43	4462	0.773310
5	44	4430	0.767764
5	45	4436	0.768804
5	46	4436	0.768804
5	47	4464	0.773657
5	48	4414	0.764991
5	49	4462	0.773310
5	50	4416	0.765338
5	51	4484	0.777123
5	52	4444	0.770191
5	53	4428	0.767418
5	54	4434	0.768458
5	55	4422	0.766378
5	56	4434	0.768458
5	57	4446	0.770537
5	58	4464	0.773657
5	59	4452	0.771577
5	60	4440	0.769497
5	61	4448	0.770884
5	62	4456	0.772270
5	63	4420	0.766031
5	64	4438	0.769151
5	65	4458	0.772617
5	66	4476	0.775737
5	67	4464	0.773657
5	68	4470	0.774697
5	69	4444	0.770191
5	70	4468	0.774350
5	71	4454	0.771924
5	72	4470	0.774697
5	73	4492	0.778510
5	74	4468	0.774350
5	75	4460	0.772964
5	76	4450	0.771231
5	77	4466	0.774003
5	78	4452	0.771577
5	79	4450	0.771231
5	80	4454	0.771924
5	81	4482	0.776776
5	82	4414	0.764991
5	83	4450	0.771231
5	84	4488	0.777816
5	85	4466	0.774003
5	86	4438	0.769151
5	87	4448	0.770884
5	88	4472	0.775043
5	89	4472	0.775043
5	90	4468	0.774350
5	91	4466	0.774003
5	92	4474	0.775390
5	93	4488	0.777816
5	94	4466	0.774003
5	95	4486	0.777470
5	96	4494	0.778856
5	97	4430	0.767764
5	98	4436	0.768804
5	99	4492	0.778510
6	7	4444	0.770191
6	8	4506	0.780936
6	9	4474	0.775390
6	10	4486	0.777470
6	11	4476	0.775737
6	12	4464	0.773657
6	13	4464	0.773657
6	14	4480	0.776430
6	15	4454	0.771924
6	16	4500	0.779896
6	17	4504	0.780589
6	18	4452	0.771577
6	19	4470	0.774697
6	20	4448	0.770884
6	21	4450	0.771231
6	22	4480	0.776430
6	23	4448	0.770884
6	24	4468	0.774350
6	25	4488	0.777816
6	26	4436	0.768804
6	27	4474	0.775390
6	28	4498	0.779549
6	29	4488	0.777816
6	30	4484	0.777123
6	31	4462	0.773310
6	32	4486	0.777470
6	33	4448	0.770884
6	34	4492	0.778510
6	35	4474	0.775390
6	36	4492	0.778510
6	37	4472	0.775043
6	38	4438	0.769151
6	39	4452	0.771577
6	40	4434	0.768458
6	41	4474	0.775390
6	42	4468	0.774350
6	43	4490	0.778163
6	44	4488	0.777816
6	45	4430	0.767764
6	46	4442	0.769844
6	47	4488	0.777816
6	48	4442	0.769844
6	49	4510	0.781629
6	50	4484	0.777123
6	51	4490	0.778163
6	52	4486	0.777470
6	53	4520	0.783362
6	54	4436	0.768804
6	55	4474	0.775390
6	56	4518	0.783016
6	57	4498	0.779549
6	58	4464	0.773657
6	59	4482	0.776776
6	60	4476	0.775737
6	61	4446	0.770537
6	62	4520	0.783362
6	63	4518	0.783016
6	64	4478	0.776083
6	65	4456	0.772270
6	66	4482	0.776776
6	67	4452	0.771577
6	68	4474	0.775390
6	69	4462	0.773310
6	70	4418	0.765685
6	71	4468	0.774350
6	72	4456	0.772270
6	73	4528	0.784749
6	74	4512	0.781976
6	75	4488	0.777816
6	76	4498	0.779549
6	77	4486	0.777470
6	78	4454	0.771924
6	79	4478	0.776083
6	80	4476	0.775737
6	81	4564	0.790988
6	82	4474	0.775390
6	83	4492	0.778510
6	84	4462	0.773310
6	85	4472	0.775043
6	86	4462	0.773310
6	87	4488	0.777816
6	88	4494	0.778856
6	89	4474	0.775390
6	90	4460	0.772964
6	91	4462	0.773310
6	92	4472	0.775043
6	93	4470	0.774697
6	94	4486	0.777470
6	95	4510	0.781629
6	96	4510	0.781629
6	97	4462	0.773310
6	98	4506	0.780936
6	99	4506	0.780936
7	8	4440	0.769497
7	9	4472	0.775043
7	10	4432	0.768111
7	11	4414	0.764991
7	12	4428	0.767418
7	13	4450	0.771231
7	14	4418	0.765685
7	15	4430	0.767764
7	16	4472	0.775043
7	17	4430	0.767764
7	18	4446	0.770537
7	19	4436	0.768804
7	20	4480	0.776430
7	21	4464	0.773657
7	22	4468	0.774350
7	23	4442	0.769844
7	24	4452	0.771577
7	25	4464	0.773657
7	26	4482	0.776776
7	27	4448	0.770884
7	28	4492	0.778510
7	29	4438	0.769151
7	30	4476	0.775737
7	31	4420	0.766031
7	32	4438	0.769151
7	33	4432	0.768111
7	34	4454	0.771924
7	35	4448	0.770884
7	36	4434	0.768458
7	37	4484	0.777123
7	38	4486	0.777470
7	39	4498	0.779549
7	40	4436	0.768804
7	41	4468	0.774350
7	42	4434	0.768458
7	43	4456	0.772270
7	44	4426	0.767071
7	45	4458	0.772617
7	46	4474	0.775390
7	47	4464	0.773657
7	48	4426	0.767071
7	49	4452	0.771577
7	50	4450	0.771231
7	51	4448	0.770884
7	52	4468	0.774350
7	53	4432	0.768111
7	54	4416	0.765338
7	55	4468	0.774350
7	56	4454	0.771924
7	57	4480	0.776430
7	58	4432	0.768111
7	59	4428	0.767418
7	60	4452	0.771577
7	61	4468	0.774350
7	62	4478	0.776083
7	63	4454	0.771924
7	64	4460	0.772964
7	65	4450	0.771231
7	66	4454	0.771924
7	67	4402	0.762912
7	68	4438	0.769151
7	69	4406	0.763605
7	70	4462	0.773310
7	71	4454	0.771924
7	72	4458	0.772617
7	73	4474	0.775390
7	74	4456	0.772270
7	75	4492	0.778510
7	76	4448	0.770884
7	77	4470	0.774697
7	78	4452	0.771577
7	79	4458	0.772617
7	80	4500	0.779896
7	81	4486	0.777470
7	82	4478	0.776083
7	83	4440	0.769497
7	84	4414	0.764991
7	85	4452	0.771577
7	86	4478	0.776083
7	87	4484	0.777123
7	88	4456	0.772270
7	89	4492	0.778510
7	90	4488	0.777816
7	91	4450	0.771231
7	92	4506	0.780936
7	93	4512	0.781976
7	94	4486	0.777470
7	95	4520	0.783362
7	96	4490	0.778163
7	97	4488	0.777816
7	98	4478	0.776083
7	99	4510	0.781629
8	9	4484	0.777123
8	10	4446	0.770537
8	11	4476	0.775737
8	12	4490	0.778163
8	13	4406	0.763605
8	14	4438	0.769151
8	15	4448	0.770884
8	16	4408	0.763951
8	17	4496	0.779203
8	18	4436	0.768804
8	19	4404	0.763258
8	20	4474	0.775390
8	21	4434	0.768458
8	22	4512	0.781976
8	23	4436	0.768804
8	24	4426	0.767071
8	25	4472	0.775043
8	26	4464	0.773657
8	27	4472	0.775043
8	28	4484	0.777123
8	29	4464	0.773657
8	30	4404	0.763258
8	31	4452	0.771577
8	32	4422	0.766378
8	33	4506	0.780936
8	34	4442	0.769844
8	35	4478	0.776083
8	36	4474	0.775390
8	37	4504	0.780589
8	38	4468	0.774350
8	39	4442	0.769844
8	40	4472	0.775043
8	41	4480	0.776430
8	42	4470	0.774697
8	43	4468	0.774350
8	44	4478	0.776083
8	45	4442	0.769844
8	46	4450	0.771231
8	47	4490	0.778163
8	48	4502	0.780243
8	49	4438	0.769151
8	50	4456	0.772270
8	51	4446	0.770537
8	52	4518	0.783016
8	53	4464	0.773657
8	54	4496	0.779203
8	55	4460	0.772964
8	56	4466	0.774003
8	57	4508	0.781282
8	58	4448	0.770884
8	59	4442	0.769844
8	60	4450	0.771231
8	61	4420	0.766031
8	62	4456	0.772270
8	63	4476	0.775737
8	64	4474	0.775390
8	65	4522	0.783709
8	66	4470	0.774697
8	67	4450	0.771231
8	68	4490	0.778163
8	69	4464	0.773657
8	70	4470	0.774697
8	71	4472	0.775043
8	72	4466	0.774003
8	73	4450	0.771231
8	74	4424	0.766724
8	75	4446	0.770537
8	76	4450	0.771231
8	77	4494	0.778856
8	78	4466	0.774003
8	79	4448	0.770884
8	80	4500	0.779896
8	81	4502	0.780243
8	82	4482	0.776776
8	83	4466	0.774003
8	84	4470	0.774697
8	85	4492	0.778510
8	86	4502	0.780243
8	87	4478	0.776083
8	88	4448	0.770884
8	89	4466	0.774003
8	90	4506	0.780936
8	91	4466	0.774003
8	92	4510	0.781629
8	93	4458	0.772617
8	94	4498	0.779549
8	95	4512	0.781976
8	96	4532	0.785442
8	97	4482	0.776776
8	98	4438	0.769151
8	99	4518	0.783016
9	10	4438	0.769151
9	11	4438	0.769151
9	12	4430	0.767764
9	13	4482	0.776776
9	14	4446	0.770537
9	15	4462	0.773310
9	16	4488	0.777816
9	17	4474	0.775390
9	18	4472	0.775043
9	19	4480	0.776430
9	20	4438	0.769151
9	21	4462	0.773310
9	22	4458	0.772617
9	23	4448	0.770884
9	24	4436	0.768804
9	25	4464	0.773657
9	26	4452	0.771577
9	27	4468	0.774350
9	28	4486	0.777470
9	29	4458	0.772617
9	30	4472	0.775043
9	31	4452	0.771577
9	32	4422	0.766378
9	33	4436	0.768804
9	34	4498	0.779549
9	35	4478	0.776083
9	36	4444	0.770191
9	37	4470	0.774697
9	38	4474	0.775390
9	39	4496	0.779203
9	40	4484	0.777123
9	41	4430	0.767764
9	42	4486	0.777470
9	43	4484	0.777123
9	44	4498	0.779549
9	45	4440	0.769497
9	46	4474	0.775390
9	47	4504	0.780589
9	48	4494	0.778856
9	49	4488	0.777816
9	50	4490	0.778163
9	51	4502	0.780243
9	52	4472	0.775043
9	53	4456	0.772270
9	54	4464	0.773657
9	55	4470	0.774697
9	56	4490	0.778163
9	57	4444	0.770191
9	58	4456	0.772270
9	59	4452	0.771577
9	60	4472	0.775043
9	61	4492	0.778510
9	62	4480	0.776430
9	63	4532	0.785442
9	64	4450	0.771231
9	65	4504	0.780589
9	66	4482	0.776776
9	67	4448	0.770884
9	68	4486	0.777470
9	69	4478	0.776083
9	70	4476	0.775737
9	71	4470	0.774697
9	72	4492	0.778510
9	73	4476	0.775737
9	74	4504	0.780589
9	75	4468	0.774350
9	76	4452	0.771577
9	77	4522	0.783709
9	78	4488	0.777816
9	79	4452	0.771577
9	80	4474	0.775390
9	81	4482	0.776776
9	82	4478	0.776083
9	83	4458	0.772617
9	84	4472	0.775043
9	85	4486	0.777470
9	86	4488	0.777816
9	87	4504	0.780589
9	88	4456	0.772270
9	89	4484	0.777123
9	90	4474	0.775390
9	91	4460	0.772964
9	92	4460	0.772964
9	93	4488	0.777816
9	94	4514	0.782322
9	95	4498	0.779549
9	96	4514	0.782322
9	97	4490	0.778163
9	98	4540	0.786828
9	99	4508	0.781282
10	11	4426	0.767071
10	12	4408	0.763951
10	13	4430	0.767764
10	14	4398	0.762218
10	15	4410	0.764298
10	16	4464	0.773657
10	17	4442	0.769844
10	18	4408	0.763951
10	19	4492	0.778510
10	20	4434	0.768458
10	21	4470	0.774697
10	22	4422	0.766378
10	23	4466	0.774003
10	24	4422	0.766378
10	25	4448	0.770884
10	26	4470	0.774697
10	27	4454	0.771924
10	28	4456	0.772270
10	29	4406	0.763605
10	30	4442	0.769844
10	31	4398	0.762218
10	32	4446	0.770537
10	33	4462	0.773310
10	34	4450	0.771231
10	35	4456	0.772270
10	36	4456	0.772270
10	37	4460	0.772964
10	38	4448	0.770884
10	39	4424	0.766724
10	40	4436	0.768804
10	41	4442	0.769844
10	42	4490	0.778163
10	43	4408	0.763951
10	44	4460	0.772964
10	45	4444	0.770191
10	46	4440	0.769497
10	47	4518	0.783016
10	48	4440	0.769497
10	49	4462	0.773310
10	50	4426	0.767071
10	51	4458	0.772617
10	52	4490	0.778163
10	53	4436	0.768804
10	54	4426	0.767071
10	55	4484	0.777123
10	56	4466	0.774003
10	57	4448	0.770884
10	58	4434	0.768458
10	59	4458	0.772617
10	60	4472	0.775043
10	61	4440	0.769497
10	62	4472	0.775043
10	63	4462	0.773310
10	64	4432	0.768111
10	65	4472	0.775043
10	66	4432	0.768111
10	67	4420	0.766031
10	68	4430	0.767764
10	69	4450	0.771231
10	70	4510	0.781629
10	71	4438	0.769151
10	72	4456	0.772270
10	73	4418	0.765685
10	74	4478	0.776083
10	75	4462	0.773310
10	76	4472	0.775043
10	77	4434	0.768458
10	78	4458	0.772617
10	79	4446	0.770537
10	80	4494	0.778856
10	81	4490	0.778163
10	82	4436	0.768804
10	83	4458	0.772617
10	84	4452	0.771577
10	85	4462	0.773310
10	86	4460	0.772964
10	87	4432	0.768111
10	88	4480	0.776430
10	89	4480	0.776430
10	90	4482	0.776776
10	91	4498	0.779549
10	92	4478	0.776083
10	93	4444	0.770191
10	94	4492	0.778510
10	95	4466	0.774003
10	96	4498	0.779549
10	97	4486	0.777470
10	98	4474	0.775390
10	99	4492	0.778510
11	12	4444	0.770191
11	13	4472	0.775043
11	14	4428	0.767418
11	15	4412	0.764645
11	16	4448	0.770884
11	17	4438	0.769151
11	18	4436	0.768804
11	19	4442	0.769844
11	20	4450	0.771231
11	21	4432	0.768111
11	22	4458	0.772617
11	23	4442	0.769844
11	24	4410	0.764298
11	25	4486	0.777470
11	26	4438	0.769151
11	27	4454	0.771924
11	28	4470	0.774697
11	29	4448	0.770884
11	30	4482	0.776776
11	31	4424	0.766724
11	32	4426	0.767071
11	33	4422	0.766378
11	34	4448	0.770884
11	35	4436	0.768804
11	36	4438	0.769151
11	37	4422	0.766378
11	38	4436	0.768804
11	39	4446	0.770537
11	40	4452	0.771577
11	41	4456	0.772270
11	42	4470	0.774697
11	43	4442	0.769844
11	44	4490	0.778163
11	45	4448	0.770884
11	46	4414	0.764991
11	47	4438	0.769151
11	48	4422	0.766378
11	49	4464	0.773657
11	50	4474	0.775390
11	51	4440	0.769497
11	52	4486	0.777470
11	53	4428	0.767418
11	54	4428	0.767418
11	55	4464	0.773657
11	56	4456	0.772270
11	57	4430	0.767764
11	58	4440	0.769497
11	59	4410	0.764298
11	60	4464	0.773657
11	61	4418	0.765685
11	62	4446	0.770537
11	63	4448	0.770884
11	64	4432	0.768111
11	65	4458	0.772617
11	66	4430	0.767764
11	67	4402	0.762912
11	68	4440	0.769497
11	69	4464	0.773657
11	70	4450	0.771231
11	71	4434	0.768458
11	72	4452	0.771577
11	73	4458	0.772617
11	74	4460	0.772964
11	75	4468	0.774350
11	76	4430	0.767764
11	77	4438	0.769151
11	78	4418	0.765685
11	79	4452	0.771577
11	80	4474	0.775390
11	81	4462	0.773310
11	82	4444	0.770191
11	83	4428	0.767418
11	84	4434	0.768458
11	85	4416	0.765338
11	86	4424	0.766724
11	87	4466	0.774003
11	88	4462	0.773310
11	89	4450	0.771231
11	90	4498	0.779549
11	91	4446	0.770537
11	92	4446	0.770537
11	93	4446	0.770537
11	94	4474	0.775390
11	95	4514	0.782322
11	96	4472	0.775043
11	97	4474	0.775390
11	98	4494	0.778856
11	99	4500	0.779896
12	13	4468	0.774350
12	14	4432	0.768111
12	15	4418	0.765685
12	16	4438	0.769151
12	17	4482	0.776776
12	18	4428	0.767418
12	19	4486	0.777470
12	20	4478	0.776083
12	21	4438	0.769151
12	22	4448	0.770884
12	23	4486	0.777470
12	24	4428	0.767418
12	25	4424	0.766724
12	26	4438	0.769151
12	27	4468	0.774350
12	28	4490	0.778163
12	29	4448	0.770884
12	30	4496	0.779203
12	31	4470	0.774697
12	32	4462	0.773310
12	33	4408	0.763951
12	34	4490	0.778163
12	35	4466	0.774003
12	36	4452	0.771577
12	37	4456	0.772270
12	38	4456	0.772270
12	39	4464	0.773657
12	40	4460	0.772964
12	41	4406	0.763605
12	42	4438	0.769151
12	43	4442	0.769844
12	44	4482	0.776776
12	45	4438	0.769151
12	46	4424	0.766724
12	47	4476	0.775737
12	48	4468	0.774350
12	49	4432	0.768111
12	50	4424	0.766724
12	51	4478	0.776083
12	52	4494	0.778856
12	53	4454	0.771924
12	54	4440	0.769497
12	55	4462	0.773310
12	56	4494	0.778856
12	57	4462	0.773310
12	58	4480	0.776430
12	59	4444	0.770191
12	60	4456	0.772270
12	61	4480	0.776430
12	62	4476	0.775737
12	63	4452	0.771577
12	64	4464	0.773657
12	65	4496	0.779203
12	66	4438	0.769151
12	67	4418	0.765685
12	68	4474	0.775390
12	69	4450	0.771231
12	70	4484	0.777123
12	71	4480	0.776430
12	72	4486	0.777470
12	73	4486	0.777470
12	74	4478	0.776083
12	75	4452	0.771577
12	76	4474	0.775390
12	77	4496	0.779203
12	78	4462	0.773310
12	79	4448	0.770884
12	80	4468	0.774350
12	81	4472	0.775043
12	82	4474	0.775390
12	83	4442	0.769844
12	84	4478	0.776083
12	85	4476	0.775737
12	86	4478	0.776083
12	87	4468	0.774350
12	88	4474	0.775390
12	89	4436	0.768804
12	90	4466	0.774003
12	91	4452	0.771577
12	92	4504	0.780589
12	93	4450	0.771231
12	94	4472	0.775043
12	95	4488	0.777816
12	96	4542	0.787175
12	97	4524	0.784055
12	98	4520	0.783362
12	99	4470	0.774697
13	14	4458	0.772617
13	15	4444	0.770191
13	16	4432	0.768111
13	17	4462	0.773310
13	18	4424	0.766724
13	19	4402	0.762912
13	20	4450	0.771231
13	21	4452	0.771577
13	22	4442	0.769844
13	23	4460	0.772964
13	24	4432	0.768111
13	25	4460	0.772964
13	26	4506	0.780936
13	27	4470	0.774697
13	28	4480	0.776430
13	29	4438	0.769151
13	30	4450	0.771231
13	31	4412	0.764645
13	32	4482	0.776776
13	33	4464	0.773657
13	34	4436	0.768804
13	35	4454	0.771924
13	36	4440	0.769497
13	37	4442	0.769844
13	38	4446	0.770537
13	39	4450	0.771231
13	40	4460	0.772964
13	41	4460	0.772964
13	42	4460	0.772964
13	43	4446	0.770537
13	44	4476	0.775737
13	45	4434	0.768458
13	46	4444	0.770191
13	47	4482	0.776776
13	48	4448	0.770884
13	49	4444	0.770191
13	50	4478	0.776083
13	51	4452	0.771577
13	52	4438	0.769151
13	53	4426	0.767071
13	54	4476	0.775737
13	55	4502	0.780243
13	56	4464	0.773657
13	57	4482	0.776776
13	58	4470	0.774697
13	59	4468	0.774350
13	60	4466	0.774003
13	61	4456	0.772270
13	62	4424	0.766724
13	63	4480	0.776430
13	64	4452	0.771577
13	65	4466	0.774003
13	66	4446	0.770537
13	67	4440	0.769497
13	68	4440	0.769497
13	69	4500	0.779896
13	70	4466	0.774003
13	71	4464	0.773657
13	72	4490	0.778163
13	73	4458	0.772617
13	74	4466	0.774003
13	75	4456	0.772270
13	76	4468	0.774350
13	77	4440	0.769497
13	78	4470	0.774697
13	79	4424	0.766724
13	80	4466	0.774003
13	81	4490	0.778163
13	82	4442	0.769844
13	83	4442	0.769844
13	84	4450	0.771231
13	85	4428	0.767418
13	86	4504	0.780589
13	87	4474	0.775390
13	88	4468	0.774350
13	89	4460	0.772964
13	90	4498	0.779549
13	91	4456	0.772270
13	92	4488	0.777816
13	93	4500	0.779896
13	94	4476	0.775737
13	95	4470	0.774697
13	96	4516	0.782669
13	97	4472	0.775043
13	98	4514	0.782322
13	99	4514	0.782322
14	15	4422	0.766378
14	16	4412	0.764645
14	17	4446	0.770537
14	18	4440	0.769497
14	19	4458	0.772617
14	20	4492	0.778510
14	21	4466	0.774003
14	22	4470	0.774697
14	23	4452	0.771577
14	24	4474	0.775390
14	25	4444	0.770191
14	26	4482	0.776776
14	27	4430	0.767764
14	28	4466	0.774003
14	29	4448	0.770884
14	30	4460	0.772964
14	31	4432	0.768111
14	32	4454	0.771924
14	33	4446	0.770537
14	34	4452	0.771577
14	35	4468	0.774350
14	36	4452	0.771577
14	37	4462	0.773310
14	38	4496	0.779203
14	39	4454	0.771924
14	40	4478	0.776083
14	41	4456	0.772270
14	42	4428	0.767418
14	43	4468	0.774350
14	44	4464	0.773657
14	45	4468	0.774350
14	46	4464	0.773657
14	47	4484	0.777123
14	48	4468	0.774350
14	49	4444	0.770191
14	50	4444	0.770191
14	51	4458	0.772617
14	52	4522	0.783709
14	53	4466	0.774003
14	54	4458	0.772617
14	55	4448	0.770884
14	56	4422	0.766378
14	57	4476	0.775737
14	58	4452	0.771577
14	59	4424	0.766724
14	60	4464	0.773657
14	61	4454	0.771924
14	62	4462	0.773310
14	63	4478	0.776083
14	64	4448	0.770884
14	65	4486	0.777470
14	66	4470	0.774697
14	67	4438	0.769151
14	68	4470	0.774697
14	69	4472	0.775043
14	70	4492	0.778510
14	71	4426	0.767071
14	72	4480	0.776430
14	73	4500	0.779896
14	74	4480	0.776430
14	75	4408	0.763951
14	76	4438	0.769151
14	77	4478	0.776083
14	78	4480	0.776430
14	79	4486	0.777470
14	80	4438	0.769151
14	81	4484	0.777123
14	82	4458	0.772617
14	83	4490	0.778163
14	84	4502	0.780243
14	85	4466	0.774003
14	86	4476	0.775737
14	87	4470	0.774697
14	88	4464	0.773657
14	89	4470	0.774697
14	90	4496	0.779203
14	91	4470	0.774697
14	92	4468	0.774350
14	93	4474	0.775390
14	94	4480	0.776430
14	95	4506	0.780936
14	96	4490	0.778163
14	97	4464	0.773657
14	98	4450	0.771231
14	99	4512	0.781976
15	16	4458	0.772617
15	17	4474	0.775390
15	18	4436	0.768804
15	19	4404	0.763258
15	20	4434	0.768458
15	21	4484	0.777123
15	22	4432	0.768111
15	23	4462	0.773310
15	24	4428	0.767418
15	25	4430	0.767764
15	26	4480	0.776430
15	27	4458	0.772617
15	28	4434	0.768458
15	29	4450	0.771231
15	30	4480	0.776430
15	31	4458	0.772617
15	32	4408	0.763951
15	33	4458	0.772617
15	34	4458	0.772617
15	35	4470	0.774697
15	36	4424	0.766724
15	37	4448	0.770884
15	38	4446	0.770537
15	39	4480	0.776430
15	40	4466	0.774003
15	41	4436	0.768804
15	42	4442	0.769844
15	43	4436	0.768804
15	44	4490	0.778163
15	45	4452	0.771577
15	46	4442	0.769844
15	47	4456	0.772270
15	48	4458	0.772617
15	49	4444	0.770191
15	50	4432	0.768111
15	51	4490	0.778163
15	52	4466	0.774003
15	53	4460	0.772964
15	54	4456	0.772270
15	55	4410	0.764298
15	56	4442	0.769844
15	57	4478	0.776083
15	58	4466	0.774003
15	59	4442	0.769844
15	60	4502	0.780243
15	61	4440	0.769497
15	62	4464	0.773657
15	63	4450	0.771231
15	64	4484	0.777123
15	65	4476	0.775737
15	66	4438	0.769151
15	67	4438	0.769151
15	68	4436	0.768804
15	69	4440	0.769497
15	70	4440	0.769497
15	71	4448	0.770884
15	72	4450	0.771231
15	73	4498	0.779549
15	74	4498	0.779549
15	75	4470	0.774697
15	76	4468	0.774350
15	77	4462	0.773310
15	78	4462	0.773310
15	79	4476	0.775737
15	80	4468	0.774350
15	81	4460	0.772964
15	82	4440	0.769497
15	83	4462	0.773310
15	84	4470	0.774697
15	85	4474	0.775390
15	86	4448	0.770884
15	87	4488	0.777816
15	88	4452	0.771577
15	89	4434	0.768458
15	90	4508	0.781282
15	91	4480	0.776430
15	92	4452	0.771577
15	93	4468	0.774350
15	94	4464	0.773657
15	95	4502	0.780243
15	96	4504	0.780589
15	97	4484	0.777123
15	98	4494	0.778856
15	99	4482	0.776776
16	17	4440	0.769497
16	18	4404	0.763258
16	19	4432	0.768111
16	20	4454	0.771924
16	21	4472	0.775043
16	22	4480	0.776430
16	23	4460	0.772964
16	24	4442	0.769844
16	25	4458	0.772617
16	26	4466	0.774003
16	27	4482	0.776776
16	28	4454	0.771924
16	29	4432	0.768111
16	30	4460	0.772964
16	31	4426	0.767071
16	32	4428	0.767418
16	33	4444	0.770191
16	34	4484	0.777123
16	35	4438	0.769151
16	36	4424	0.766724
16	37	4452	0.771577
16	38	4454	0.771924
16	39	4446	0.770537
16	40	4484	0.777123
16	41	4432	0.768111
16	42	4472	0.775043
16	43	4458	0.772617
16	44	4508	0.781282
16	45	4438	0.769151
16	46	4458	0.772617
16	47	4466	0.774003
16	48	4480	0.776430
16	49	4484	0.777123
16	50	4472	0.775043
16	51	4444	0.770191
16	52	4500	0.779896
16	53	4486	0.777470
16	54	4478	0.776083
16	55	4492	0.778510
16	56	4462	0.773310
16	57	4458	0.772617
16	58	4456	0.772270
16	59	4438	0.769151
16	60	4460	0.772964
16	61	4448	0.770884
16	62	4502	0.780243
16	63	4494	0.778856
16	64	4488	0.777816
16	65	4466	0.774003
16	66	4510	0.781629
16	67	4452	0.771577
16	68	4464	0.773657
16	69	4434	0.768458
16	70	4480	0.776430
16	71	4454	0.771924
16	72	4438	0.769151
16	73	4420	0.766031
16	74	4478	0.776083
16	75	4432	0.768111
16	76	4462	0.773310
16	77	4478	0.776083
16	78	4486	0.777470
16	79	4472	0.775043
16	80	4460	0.772964
16	81	4454	0.771924
16	82	4424	0.766724
16	83	4488	0.777816
16	84	4492	0.778510
16	85	4472	0.775043
16	86	4462	0.773310
16	87	4478	0.776083
16	88	4500	0.779896
16	89	4452	0.771577
16	90	4528	0.784749
16	91	4474	0.775390
16	92	4488	0.777816
16	93	4472	0.775043
16	94	4468	0.774350
16	95	4504	0.780589
16	96	4494	0.778856
16	97	4482	0.776776
16	98	4490	0.778163
16	99	4512	0.781976
17	18	4452	0.771577
17	19	4464	0.773657
17	20	4462	0.773310
17	21	4474	0.775390
17	22	4412	0.764645
17	23	4456	0.772270
17	24	4422	0.766378
17	25	4476	0.775737
17	26	4494	0.778856
17	27	4464	0.773657
17	28	4492	0.778510
17	29	4440	0.769497
17	30	4450	0.771231
17	31	4464	0.773657
17	32	4458	0.772617
17	33	4474	0.775390
17	34	4452	0.771577
17	35	4490	0.778163
17	36	4484	0.777123
17	37	4514	0.782322
17	38	4456	0.772270
17	39	4440	0.769497
17	40	4466	0.774003
17	41	4450	0.771231
17	42	4466	0.774003
17	43	4458	0.772617
17	44	4438	0.769151
17	45	4480	0.776430
17	46	4458	0.772617
17	47	4466	0.774003
17	48	4446	0.770537
17	49	4438	0.769151
17	50	4482	0.776776
17	51	4448	0.770884
17	52	4462	0.773310
17	53	4462	0.773310
17	54	4486	0.777470
17	55	4510	0.781629
17	56	4462	0.773310
17	57	4474	0.775390
17	58	4464	0.773657
17	59	4460	0.772964
17	60	4466	0.774003
17	61	4464	0.773657
17	62	4486	0.777470
17	63	4472	0.775043
17	64	4514	0.782322
17	65	4500	0.779896
17	66	4458	0.772617
17	67	4444	0.770191
17	68	4452	0.771577
17	69	4436	0.768804
17	70	4500	0.779896
17	71	4428	0.767418
17	72	4432	0.768111
17	73	4486	0.777470
17	74	4478	0.776083
17	75	4500	0.779896
17	76	4478	0.776083
17	77	4470	0.774697
17	78	4482	0.776776
17	79	4496	0.779203
17	80	4490	0.778163
17	81	4486	0.777470
17	82	4454	0.771924
17	83	4430	0.767764
17	84	4456	0.772270
17	85	4430	0.767764
17	86	4498	0.779549
17	87	4488	0.777816
17	88	4464	0.773657
17	89	4546	0.787868
17	90	4504	0.780589
17	91	4470	0.774697
17	92	4472	0.775043
17	93	4504	0.780589
17	94	4500	0.779896
17	95	4486	0.777470
17	96	4494	0.778856
17	97	4510	0.781629
17	98	4492	0.778510
17	99	4504	0.780589
18	19	4476	0.775737
18	20	4456	0.772270
18	21	4438	0.769151
18	22	4452	0.771577
18	23	4438	0.769151
18	24	4452	0.771577
18	25	4444	0.770191
18	26	4418	0.765685
18	27	4512	0.781976
18	28	4448	0.770884
18	29	4452	0.771577
18	30	4382	0.759445
18	31	4420	0.766031
18	32	4424	0.766724
18	33	4436	0.768804
18	34	4462	0.773310
18	35	4422	0.766378
18	36	4472	0.775043
18	37	4454	0.771924
18	38	4432	0.768111
18	39	4456	0.772270
18	40	4472	0.775043
18	41	4448	0.770884
18	42	4446	0.770537
18	43	4476	0.775737
18	44	4474	0.775390
18	45	4476	0.775737
18	46	4498	0.779549
18	47	4486	0.777470
18	48	4432	0.768111
18	49	4424	0.766724
18	50	4458	0.772617
18	51	4484	0.777123
18	52	4474	0.775390
18	53	4478	0.776083
18	54	4420	0.766031
18	55	4456	0.772270
18	56	4466	0.774003
18	57	4454	0.771924
18	58	4456	0.772270
18	59	4460	0.772964
18	60	4434	0.768458
18	61	4458	0.772617
18	62	4458	0.772617
18	63	4504	0.780589
18	64	4462	0.773310
18	65	4492	0.778510
18	66	4474	0.775390
18	67	4458	0.772617
18	68	4434	0.768458
18	69	4438	0.769151
18	70	4468	0.774350
18	71	4486	0.777470
18	72	4474	0.775390
18	73	4458	0.772617
18	74	4472	0.775043
18	75	4438	0.769151
18	76	4454	0.771924
18	77	4488	0.777816
18	78	4470	0.774697
18	79	4478	0.776083
18	80	4488	0.777816
18	81	4480	0.776430
18	82	4426	0.767071
18	83	4434	0.768458
18	84	4432	0.768111
18	85	4428	0.767418
18	86	4406	0.763605
18	87	4506	0.780936
18	88	4514	0.782322
18	89	4462	0.773310
18	90	4482	0.776776
18	91	4486	0.777470
18	92	4496	0.779203
18	93	4470	0.774697
18	94	4496	0.779203
18	95	4500	0.779896
18	96	4480	0.776430
18	97	4488	0.777816
18	98	4418	0.765685
18	99	4502	0.780243
19	20	4456	0.772270
19	21	4468	0.774350
19	22	4440	0.769497
19	23	4478	0.776083
19	24	4472	0.775043
19	25	4470	0.774697
19	26	4496	0.779203
19	27	4442	0.769844
19	28	4436	0.768804
19	29	4426	0.767071
19	30	4460	0.772964
19	31	4440	0.769497
19	32	4444	0.770191
19	33	4442	0.769844
19	34	4480	0.776430
19	35	4480	0.776430
19	36	4490	0.778163
19	37	4490	0.778163
19	38	4474	0.775390
19	39	4422	0.766378
19	40	4488	0.777816
19	41	4444	0.770191
19	42	4480	0.776430
19	43	4476	0.775737
19	44	4474	0.775390
19	45	4470	0.774697
19	46	4460	0.772964
19	47	4468	0.774350
19	48	4436	0.768804
19	49	4454	0.771924
19	50	4476	0.775737
19	51	4478	0.776083
19	52	4492	0.778510
19	53	4452	0.771577
19	54	4490	0.778163
19	55	4468	0.774350
19	56	4444	0.770191
19	57	4454	0.771924
19	58	4480	0.776430
19	59	4462	0.773310
19	60	4508	0.781282
19	61	4448	0.770884
19	62	4464	0.773657
19	63	4488	0.777816
19	64	4476	0.775737
19	65	4442	0.769844
19	66	4508	0.781282
19	67	4464	0.773657
19	68	4436	0.768804
19	69	4456	0.772270
19	70	4472	0.775043
19	71	4460	0.772964
19	72	4476	0.775737
19	73	4480	0.776430
19	74	4504	0.780589
19	75	4468	0.774350
19	76	4428	0.767418
19	77	4454	0.771924
19	78	4452	0.771577
19	79	4478	0.776083
19	80	4502	0.780243
19	81	4488	0.777816
19	82	4474	0.775390
19	83	4506	0.780936
19	84	4466	0.774003
19	85	4422	0.766378
19	86	4460	0.772964
19	87	4466	0.774003
19	88	4460	0.772964
19	89	4492	0.778510
19	90	4542	0.787175
19	91	4464	0.773657
19	92	4456	0.772270
19	93	4488	0.777816
19	94	4504	0.780589
19	95	4494	0.778856
19	96	4476	0.775737
19	97	4466	0.774003
19	98	4480	0.776430
19	99	4498	0.779549
20	21	4464	0.773657
20	22	4464	0.773657
20	23	4456	0.772270
20	24	4446	0.770537
20	25	4472	0.775043
20	26	4462	0.773310
20	27	4486	0.777470
20	28	4492	0.778510
20	29	4468	0.774350
20	30	4440	0.769497
20	31	4462	0.773310
20	32	4448	0.770884
20	33	4496	0.779203
20	34	4466	0.774003
20	35	4460	0.772964
20	36	4466	0.774003
20	37	4464	0.773657
20	38	4478	0.776083
20	39	4440	0.769497
20	40	4464	0.773657
20	41	4430	0.767764
20	42	4500	0.779896
20	43	4434	0.768458
20	44	4484	0.777123
20	45	4434	0.768458
20	46	4458	0.772617
20	47	4478	0.776083
20	48	4464	0.773657
20	49	4470	0.774697
20	50	4482	0.776776
20	51	4488	0.777816
20	52	4438	0.769151
20	53	4466	0.774003
20	54	4470	0.774697
20	55	4494	0.778856
20	56	4494	0.778856
20	57	4452	0.771577
20	58	4448	0.770884
20	59	4474	0.775390
20	60	4470	0.774697
20	61	4446	0.770537
20	62	4478	0.776083
20	63	4514	0.782322
20	64	4468	0.774350
20	65	4496	0.779203
20	66	4516	0.782669
20	67	4476	0.775737
20	68	4470	0.774697
20	69	4438	0.769151
20	70	4502	0.780243
20	71	4486	0.777470
20	72	4478	0.776083
20	73	4476	0.775737
20	74	4480	0.776430
20	75	4448	0.770884
20	76	4474	0.775390
20	77	4450	0.771231
20	78	4484	0.777123
20	79	4480	0.776430
20	80	4506	0.780936
20	81	4502	0.780243
20	82	4448	0.770884
20	83	4462	0.773310
20	84	4420	0.766031
20	85	4434	0.768458
20	86	4456	0.772270
20	87	4472	0.775043
20	88	4462	0.773310
20	89	4460	0.772964
20	90	4486	0.777470
20	91	4468	0.774350
20	92	4452	0.771577
20	93	4462	0.773310
20	94	4466	0.774003
20	95	4500	0.779896
20	96	4484	0.777123
20	97	4438	0.769151
20	98	4502	0.780243
20	99	4470	0.774697
21	22	4446	0.770537
21	23	4402	0.762912
21	24	4460	0.772964
21	25	4458	0.772617
21	26	4498	0.779549
21	27	4476	0.775737
21	28	4488	0.777816
21	29	4478	0.776083
21	30	4488	0.777816
21	31	4422	0.766378
21	32	4478	0.776083
21	33	4452	0.771577
21	34	4462	0.773310
21	35	4444	0.770191
21	36	4460	0.772964
21	37	4460	0.772964
21	38	4424	0.766724
21	39	4460	0.772964
21	40	4510	0.781629
21	41	4448	0.770884
21	42	4466	0.774003
21	43	4492	0.778510
21	44	4426	0.767071
21	45	4458	0.772617
21	46	4418	0.765685
21	47	4496	0.779203
21	48	4458	0.772617
21	49	4430	0.767764
21	50	4484	0.777123
21	51	4484	0.777123
21	52	4460	0.772964
21	53	4454	0.771924
21	54	4458	0.772617
21	55	4460	0.772964
21	56	4476	0.775737
21	57	4488	0.777816
21	58	4444	0.770191
21	59	4474	0.775390
21	60	4482	0.776776
21	61	4460	0.772964
21	62	4478	0.776083
21	63	4486	0.777470
21	64	4458	0.772617
21	65	4472	0.775043
21	66	4450	0.771231
21	67	4448	0.770884
21	68	4454	0.771924
21	69	4486	0.777470
21	70	4472	0.775043
21	71	4450	0.771231
21	72	4466	0.774003
21	73	4506	0.780936
21	74	4492	0.778510
21	75	4482	0.776776
21	76	4508	0.781282
21	77	4476	0.775737
21	78	4480	0.776430
21	79	4504	0.780589
21	80	4478	0.776083
21	81	4504	0.780589
21	82	4458	0.772617
21	83	4484	0.777123
21	84	4434	0.768458
21	85	4478	0.776083
21	86	4504	0.780589
21	87	4472	0.775043
21	88	4472	0.775043
21	89	4498	0.779549
21	90	4490	0.778163
21	91	4508	0.781282
21	92	4510	0.781629
21	93	4510	0.781629
21	94	4464	0.773657
21	95	4520	0.783362
21	96	4536	0.786135
21	97	4490	0.778163
21	98	4470	0.774697
21	99	4516	0.782669
22	23	4450	0.771231
22	24	4466	0.774003
22	25	4466	0.774003
22	26	4476	0.775737
22	27	4504	0.780589
22	28	4410	0.764298
22	29	4402	0.762912
22	30	4474	0.775390
22	31	4448	0.770884
22	32	4464	0.773657
22	33	4444	0.770191
22	34	4458	0.772617
22	35	4440	0.769497
22	36	4442	0.769844
22	37	4464	0.773657
22	38	4464	0.773657
22	39	4452	0.771577
22	40	4488	0.777816
22	41	4478	0.776083
22	42	4434	0.768458
22	43	4448	0.770884
22	44	4474	0.775390
22	45	4454	0.771924
22	46	4442	0.769844
22	47	4450	0.771231
22	48	4472	0.775043
22	49	4450	0.771231
22	50	4466	0.774003
22	51	4460	0.772964
22	52	4462	0.773310
22	53	4436	0.768804
22	54	4488	0.777816
22	55	4440	0.769497
22	56	4462	0.773310
22	57	4468	0.774350
22	58	4418	0.765685
22	59	4444	0.770191
22	60	4454	0.771924
22	61	4466	0.774003
22	62	4468	0.774350
22	63	4474	0.775390
22	64	4456	0.772270
22	65	4454	0.771924
22	66	4510	0.781629
22	67	4450	0.771231
22	68	4444	0.770191
22	69	4482	0.776776
22	70	4466	0.774003
22	71	4482	0.776776
22	72	4476	0.775737
22	73	4468	0.774350
22	74	4474	0.775390
22	75	4450	0.771231
22	76	4448	0.770884
22	77	4450	0.771231
22	78	4434	0.768458
22	79	4500	0.779896
22	80	4462	0.773310
22	81	4484	0.777123
22	82	4412	0.764645
22	83	4468	0.774350
22	84	4480	0.776430
22	85	4472	0.775043
22	86	4482	0.776776
22	87	4472	0.775043
22	88	4436	0.768804
22	89	4492	0.778510
22	90	4450	0.771231
22	91	4510	0.781629
22	92	4486	0.777470
22	93	4500	0.779896
22	94	4486	0.777470
22	95	4508	0.781282
22	96	4512	0.781976
22	97	4486	0.777470
22	98	4460	0.772964
22	99	4488	0.777816
23	24	4424	0.766724
23	25	4480	0.776430
23	26	4444	0.770191
23	27	4478	0.776083
23	28	4504	0.780589
23	29	4490	0.778163
23	30	4496	0.779203
23	31	4452	0.771577
23	32	4460	0.772964
23	33	4462	0.773310
23	34	4468	0.774350
23	35	4466	0.774003
23	36	4490	0.778163
23	37	4480	0.776430
23	38	4458	0.772617
23	39	4450	0.771231
23	40	4508	0.781282
23	41	4456	0.772270
23	42	4466	0.774003
23	43	4452	0.771577
23	44	4474	0.775390
23	45	4490	0.778163
23	46	4462	0.773310
23	47	4440	0.769497
23	48	4482	0.776776
23	49	4444	0.770191
23	50	4496	0.779203
23	51	4472	0.775043
23	52	4472	0.775043
23	53	4460	0.772964
23	54	4444	0.770191
23	55	4412	0.764645
23	56	4464	0.773657
23	57	4482	0.776776
23	58	4434	0.768458
23	59	4478	0.776083
23	60	4446	0.770537
23	61	4434	0.768458
23	62	4490	0.778163
23	63	4474	0.775390
23	64	4458	0.772617
23	65	4512	0.781976
23	66	4480	0.776430
23	67	4434	0.768458
23	68	4450	0.771231
23	69	4512	0.781976
23	70	4478	0.776083
23	71	4484	0.777123
23	72	4468	0.774350
23	73	4484	0.777123
23	74	4496	0.779203
23	75	4434	0.768458
23	76	4472	0.775043
23	77	4446	0.770537
23	78	4480	0.776430
23	79	4472	0.775043
23	80	4522	0.783709
23	81	4464	0.773657
23	82	4452	0.771577
23	83	4486	0.777470
23	84	4420	0.766031
23	85	4494	0.778856
23	86	4468	0.774350
23	87	4488	0.777816
23	88	4474	0.775390
23	89	4470	0.774697
23	90	4474	0.775390
23	91	4464	0.773657
23	92	4506	0.780936
23	93	4450	0.771231
23	94	4460	0.772964
23	95	4522	0.783709
23	96	4518	0.783016
23	97	4478	0.776083
23	98	4494	0.778856
23	99	4550	0.788562
24	25	4462	0.773310
24	26	4474	0.775390
24	27	4496	0.779203
24	28	4466	0.774003
24	29	4450	0.771231
24	30	4520	0.783362
24	31	4466	0.774003
24	32	4442	0.769844
24	33	4434	0.768458
24	34	4476	0.775737
24	35	4456	0.772270
24	36	4486	0.777470
24	37	4454	0.771924
24	38	4466	0.774003
24	39	4434	0.768458
24	40	4448	0.770884
24	41	4454	0.771924
24	42	4458	0.772617
24	43	4480	0.776430
24	44	4476	0.775737
24	45	4448	0.770884
24	46	4426	0.767071
24	47	4494	0.778856
24	48	4448	0.770884
24	49	4478	0.776083
24	50	4484	0.777123
24	51	4434	0.768458
24	52	4480	0.776430
24	53	4444	0.770191
24	54	4450	0.771231
24	55	4426	0.767071
24	56	4462	0.773310
24	57	4540	0.786828
24	58	4414	0.764991
24	59	4462	0.773310
24	60	4468	0.774350
24	61	4452	0.771577
24	62	4516	0.782669
24	63	4508	0.781282
24	64	4520	0.783362
24	65	4480	0.776430
24	66	4480	0.776430
24	67	4466	0.774003
24	68	4486	0.777470
24	69	4436	0.768804
24	70	4456	0.772270
24	71	4452	0.771577
24	72	4492	0.778510
24	73	4514	0.782322
24	74	4474	0.775390
24	75	4454	0.771924
24	76	4462	0.773310
24	77	4474	0.775390
24	78	4436	0.768804
24	79	4484	0.777123
24	80	4500	0.779896
24	81	4480	0.776430
24	82	4486	0.777470
24	83	4450	0.771231
24	84	4430	0.767764
24	85	4464	0.773657
24	86	4486	0.777470
24	87	4530	0.785095
24	88	4462	0.773310
24	89	4496	0.779203
24	90	4482	0.776776
24	91	4466	0.774003
24	92	4494	0.778856
24	93	4462	0.773310
24	94	4502	0.780243
24	95	4498	0.779549
24	96	4506	0.780936
24	97	4528	0.784749
24	98	4500	0.779896
24	99	4474	0.775390
25	26	4460	0.772964
25	27	4464	0.773657
25	28	4440	0.769497
25	29	4460	0.772964
25	30	4490	0.778163
25	31	4468	0.774350
25	32	4450	0.771231
25	33	4480	0.776430
25	34	4474	0.775390
25	35	4476	0.775737
25	36	4470	0.774697
25	37	4456	0.772270
25	38	4500	0.779896
25	39	4488	0.777816
25	40	4484	0.777123
25	41	4448	0.770884
25	42	4460	0.772964
25	43	4448	0.770884
25	44	4470	0.774697
25	45	4434	0.768458
25	46	4488	0.777816
25	47	4494	0.778856
25	48	4462	0.773310
25	49	4488	0.777816
25	50	4464	0.773657
25	51	4468	0.774350
25	52	4478	0.776083
25	53	4470	0.774697
25	54	4456	0.772270
25	55	4476	0.775737
25	56	4480	0.776430
25	57	4464	0.773657
25	58	4462	0.773310
25	59	4476	0.775737
25	60	4444	0.770191
25	61	4482	0.776776
25	62	4480	0.776430
25	63	4490	0.778163
25	64	4448	0.770884
25	65	4498	0.779549
25	66	4494	0.778856
25	67	4434	0.768458
25	68	4456	0.772270
25	69	4496	0.779203
25	70	4508	0.781282
25	71	4460	0.772964
25	72	4476	0.775737
25	73	4450	0.771231
25	74	4494	0.778856
25	75	4442	0.769844
25	76	4452	0.771577
25	77	4478	0.776083
25	78	4454	0.771924
25	79	4472	0.775043
25	80	4494	0.778856
25	81	4464	0.773657
25	82	4468	0.774350
25	83	4494	0.778856
25	84	4484	0.777123
25	85	4488	0.777816
25	86	4494	0.778856
25	87	4444	0.770191
25	88	4480	0.776430
25	89	4434	0.768458
25	90	4484	0.777123
25	91	4524	0.784055
25	92	4488	0.777816
25	93	4524	0.784055
25	94	4526	0.784402
25	95	4484	0.777123
25	96	4518	0.783016
25	97	4478	0.776083
25	98	4494	0.778856
25	99	4476	0.775737
26	27	4470	0.774697
26	28	4468	0.774350
26	29	4460	0.772964
26	30	4478	0.776083
26	31	4454	0.771924
26	32	4478	0.776083
26	33	4470	0.774697
26	34	4466	0.774003
26	35	4446	0.770537
26	36	4452	0.771577
26	37	4494	0.778856
26	38	4470	0.774697
26	39	4472	0.775043
26	40	4462	0.773310
26	41	4480	0.776430
26	42	4454	0.771924
26	43	4482	0.776776
26	44	4478	0.776083
26	45	4478	0.776083
26	46	4500	0.779896
26	47	4476	0.775737
26	48	4500	0.779896
26	49	4512	0.781976
26	50	4476	0.775737
26	51	4494	0.778856
26	52	4478	0.776083
26	53	4494	0.778856
26	54	4456	0.772270
26	55	4460	0.772964
26	56	4528	0.784749
26	57	4480	0.776430
26	58	4492	0.778510
26	59	4492	0.778510
26	60	4462	0.773310
26	61	4498	0.779549
26	62	4502	0.780243
26	63	4494	0.778856
26	64	4510	0.781629
26	65	4490	0.778163
26	66	4512	0.781976
26	67	4498	0.779549
26	68	4448	0.770884
26	69	4472	0.775043
26	70	4520	0.783362
26	71	4474	0.775390
26	72	4492	0.778510
26	73	4476	0.775737
26	74	4436	0.768804
26	75	4502	0.780243
26	76	4484	0.777123
26	77	4492	0.778510
26	78	4440	0.769497
26	79	4512	0.781976
26	80	4514	0.782322
26	81	4506	0.780936
26	82	4530	0.785095
26	83	4472	0.775043
26	84	4506	0.780936
26	85	4486	0.777470
26	86	4470	0.774697
26	87	4480	0.776430
26	88	4470	0.774697
26	89	4520	0.783362
26	90	4504	0.780589
26	91	4514	0.782322
26	92	4466	0.774003
26	93	4452	0.771577
26	94	4462	0.773310
26	95	4520	0.783362
26	96	4512	0.781976
26	97	4494	0.778856
26	98	4518	0.783016
26	99	4530	0.785095
27	28	4486	0.777470
27	29	4478	0.776083
27	30	4444	0.770191
27	31	4442	0.769844
27	32	4472	0.775043
27	33	4430	0.767764
27	34	4468	0.774350
27	35	4482	0.776776
27	36	4484	0.777123
27	37	4468	0.774350
27	38	4482	0.776776
27	39	4466	0.774003
27	40	4478	0.776083
27	41	4498	0.779549
27	42	4464	0.773657
27	43	4430	0.767764
27	44	4464	0.773657
27	45	4452	0.771577
27	46	4470	0.774697
27	47	4482	0.776776
27	48	4438	0.769151
27	49	4476	0.775737
27	50	4462	0.773310
27	51	4518	0.783016
27	52	4504	0.780589
27	53	4492	0.778510
27	54	4478	0.776083
27	55	4490	0.778163
27	56	4492	0.778510
27	57	4488	0.777816
27	58	4484	0.777123
27	59	4462	0.773310
27	60	4514	0.782322
27	61	4512	0.781976
27	62	4438	0.769151
27	63	4448	0.770884
27	64	4492	0.778510
27	65	4510	0.781629
27	66	4410	0.764298
27	67	4504	0.780589
27	68	4452	0.771577
27	69	4470	0.774697
27	70	4464	0.773657
27	71	4452	0.771577
27	72	4448	0.770884
27	73	4504	0.780589
27	74	4460	0.772964
27	75	4476	0.775737
27	76	4460	0.772964
27	77	4506	0.780936
27	78	4428	0.767418
27	79	4468	0.774350
27	80	4440	0.769497
27	81	4502	0.780243
27	82	4480	0.776430
27	83	4462	0.773310
27	84	4466	0.774003
27	85	4488	0.777816
27	86	4452	0.771577
27	87	4454	0.771924
27	88	4458	0.772617
27	89	4532	0.785442
27	90	4500	0.779896
27	91	4454	0.771924
27	92	4494	0.778856
27	93	4466	0.774003
27	94	4466	0.774003
27	95	4502	0.780243
27	96	4486	0.777470
27	97	4468	0.774350
27	98	4506	0.780936
27	99	4500	0.779896
28	29	4450	0.771231
28	30	4488	0.777816
28	31	4450	0.771231
28	32	4446	0.770537
28	33	4458	0.772617
28	34	4478	0.776083
28	35	4462	0.773310
28	36	4486	0.777470
28	37	4476	0.775737
28	38	4498	0.779549
28	39	4464	0.773657
28	40	4476	0.775737
28	41	4450	0.771231
28	42	4512	0.781976
28	43	4490	0.778163
28	44	4472	0.775043
28	45	4450	0.771231
28	46	4442	0.769844
28	47	4456	0.772270
28	48	4464	0.773657
28	49	4480	0.776430
28	50	4468	0.774350
28	51	4454	0.771924
28	52	4504	0.780589
28	53	4476	0.775737
28	54	4480	0.776430
28	55	4492	0.778510
28	56	4450	0.771231
28	57	4494	0.778856
28	58	4456	0.772270
28	59	4462	0.773310
28	60	4484	0.777123
28	61	4448	0.770884
28	62	4482	0.776776
28	63	4440	0.769497
28	64	4488	0.777816
28	65	4456	0.772270
28	66	4486	0.777470
28	67	4472	0.775043
28	68	4490	0.778163
28	69	4468	0.774350
28	70	4490	0.778163
28	71	4484	0.777123
28	72	4490	0.778163
28	73	4510	0.781629
28	74	4506	0.780936
28	75	4422	0.766378
28	76	4458	0.772617
28	77	4466	0.774003
28	78	4464	0.773657
28	79	4492	0.778510
28	80	4462	0.773310
28	81	4428	0.767418
28	82	4474	0.775390
28	83	4498	0.779549
28	84	4484	0.777123
28	85	4470	0.774697
28	86	4484	0.777123
28	87	4466	0.774003
28	88	4480	0.776430
28	89	4470	0.774697
28	90	4476	0.775737
28	91	4516	0.782669
28	92	4502	0.780243
28	93	4502	0.780243
28	94	4488	0.777816
28	95	4520	0.783362
28	96	4520	0.783362
28	97	4470	0.774697
28	98	4446	0.770537
28	99	4482	0.776776
29	30	4472	0.775043
29	31	4442	0.769844
29	32	4442	0.769844
29	33	4486	0.777470
29	34	4408	0.763951
29	35	4470	0.774697
29	36	4470	0.774697
29	37	4408	0.763951
29	38	4428	0.767418
29	39	4448	0.770884
29	40	4498	0.779549
29	41	4458	0.772617
29	42	4482	0.776776
29	43	4452	0.771577
29	44	4436	0.768804
29	45	4462	0.773310
29	46	4452	0.771577
29	47	4496	0.779203
29	48	4446	0.770537
29	49	4436	0.768804
29	50	4456	0.772270
29	51	4452	0.771577
29	52	4484	0.777123
29	53	4458	0.772617
29	54	4464	0.773657
29	55	4452	0.771577
29	56	4444	0.770191
29	57	4426	0.767071
29	58	4454	0.771924
29	59	4430	0.767764
29	60	4492	0.778510
29	61	4456	0.772270
29	62	4462	0.773310
29	63	4518	0.783016
29	64	4418	0.765685
29	65	4442	0.769844
29	66	4476	0.775737
29	67	4416	0.765338
29	68	4452	0.771577
29	69	4460	0.772964
29	70	4476	0.775737
29	71	4488	0.777816
29	72	4464	0.773657
29	73	4440	0.769497
29	74	4484	0.777123
29	75	4440	0.769497
29	76	4490	0.778163
29	77	4470	0.774697
29	78	4424	0.766724
29	79	4448	0.770884
29	80	4498	0.779549
29	81	4492	0.778510
29	82	4466	0.774003
29	83	4422	0.766378
29	84	4432	0.768111
29	85	4452	0.771577
29	86	4462	0.773310
29	87	4448	0.770884
29	88	4474	0.775390
29	89	4486	0.777470
29	90	4516	0.782669
29	91	4434	0.768458
29	92	4478	0.776083
29	93	4484	0.777123
29	94	4524	0.784055
29	95	4486	0.777470
29	96	4450	0.771231
29	97	4486	0.777470
29	98	4496	0.779203
29	99	4548	0.788215
30	31	4452	0.771577
30	32	4418	0.765685
30	33	4416	0.765338
30	34	4454	0.771924
30	35	4456	0.772270
30	36	4454	0.771924
30	37	4466	0.774003
30	38	4502	0.780243
30	39	4446	0.770537
30	40	4474	0.775390
30	41	4450	0.771231
30	42	4530	0.785095
30	43	4458	0.772617
30	44	4456	0.772270
30	45	4482	0.776776
30	46	4464	0.773657
30	47	4482	0.776776
30	48	4448	0.770884
30	49	4452	0.771577
30	50	4460	0.772964
30	51	4486	0.777470
30	52	4488	0.777816
30	53	4466	0.774003
30	54	4472	0.775043
30	55	4480	0.776430
30	56	4506	0.780936
30	57	4464	0.773657
30	58	4490	0.778163
30	59	4444	0.770191
30	60	4438	0.769151
30	61	4478	0.776083
30	62	4442	0.769844
30	63	4512	0.781976
30	64	4470	0.774697
30	65	4474	0.775390
30	66	4474	0.775390
30	67	4480	0.776430
30	68	4484	0.777123
30	69	4444	0.770191
30	70	4478	0.776083
30	71	4470	0.774697
30	72	4434	0.768458
30	73	4482	0.776776
30	74	4468	0.774350
30	75	4456	0.772270
30	76	4470	0.774697
30	77	4456	0.772270
30	78	4454	0.771924
30	79	4458	0.772617
30	80	4450	0.771231
30	81	4486	0.777470
30	82	4472	0.775043
30	83	4462	0.773310
30	84	4468	0.774350
30	85	4510	0.781629
30	86	4438	0.769151
30	87	4436	0.768804
30	88	4476	0.775737
30	89	4504	0.780589
30	90	4456	0.772270
30	91	4470	0.774697
30	92	4464	0.773657
30	93	4460	0.772964
30	94	4516	0.782669
30	95	4476	0.775737
30	96	4476	0.775737
30	97	4408	0.763951
30	98	4496	0.779203
30	99	4500	0.779896
31	32	4442	0.769844
31	33	4396	0.761872
31	34	4422	0.766378
31	35	4408	0.763951
31	36	4442	0.769844
31	37	4430	0.767764
31	38	4450	0.771231
31	39	4468	0.774350
31	40	4464	0.773657
31	41	4460	0.772964
31	42	4430	0.767764
31	43	4396	0.761872
31	44	4456	0.772270
31	45	4460	0.772964
31	46	4482	0.776776
31	47	4460	0.772964
31	48	4454	0.771924
31	49	4442	0.769844
31	50	4444	0.770191
31	51	4472	0.775043
31	52	4462	0.773310
31	53	4458	0.772617
31	54	4438	0.769151
31	55	4506	0.780936
31	56	4426	0.767071
31	57	4430	0.767764
31	58	4444	0.770191
31	59	4438	0.769151
31	60	4484	0.777123
31	61	4474	0.775390
31	62	4448	0.770884
31	63	4462	0.773310
31	64	4442	0.769844
31	65	4448	0.770884
31	66	4446	0.770537
31	67	4458	0.772617
31	68	4434	0.768458
31	69	4488	0.777816
31	70	4460	0.772964
31	71	4438	0.769151
31	72	4492	0.778510
31	73	4430	0.767764
31	74	4476	0.775737
31	75	4490	0.778163
31	76	4504	0.780589
31	77	4462	0.773310
31	78	4434	0.768458
31	79	4456	0.772270
31	80	4460	0.772964
31	81	4482	0.776776
31	82	4438	0.769151
31	83	4458	0.772617
31	84	4500	0.779896
31	85	4454	0.771924
31	86	4466	0.774003
31	87	4482	0.776776
31	88	4484	0.777123
31	89	4442	0.769844
31	90	4478	0.776083
31	91	4458	0.772617
31	92	4490	0.778163
31	93	4432	0.768111
31	94	4446	0.770537
31	95	4486	0.777470
31	96	4452	0.771577
31	97	4454	0.771924
31	98	4470	0.774697
31	99	4478	0.776083
32	33	4456	0.772270
32	34	4440	0.769497
32	35	4466	0.774003
32	36	4472	0.775043
32	37	4460	0.772964
32	38	4454	0.771924
32	39	4420	0.766031
32	40	4452	0.771577
32	41	4436	0.768804
32	42	4464	0.773657
32	43	4460	0.772964
32	44	4468	0.774350
32	45	4420	0.766031
32	46	4484	0.777123
32	47	4460	0.772964
32	48	4450	0.771231
32	49	4462	0.773310
32	50	4450	0.771231
32	51	4470	0.774697
32	52	4496	0.779203
32	53	4476	0.775737
32	54	4442	0.769844
32	55	4438	0.769151
32	56	4486	0.777470
32	57	4482	0.776776
32	58	4458	0.772617
32	59	4438	0.769151
32	60	4428	0.767418
32	61	4428	0.767418
32	62	4470	0.774697
32	63	4502	0.780243
32	64	4442	0.769844
32	65	4478	0.776083
32	66	4492	0.778510
32	67	4426	0.767071
32	68	4470	0.774697
32	69	4442	0.769844
32	70	4470	0.774697
32	71	4410	0.764298
32	72	4446	0.770537
32	73	4466	0.774003
32	74	4534	0.785789
32	75	4450	0.771231
32	76	4452	0.771577
32	77	4436	0.768804
32	78	4442	0.769844
32	79	4468	0.774350
32	80	4482	0.776776
32	81	4486	0.777470
32	82	4492	0.778510
32	83	4448	0.770884
32	84	4412	0.764645
32	85	4508	0.781282
32	86	4474	0.775390
32	87	4494	0.778856
32	88	4454	0.771924
32	89	4478	0.776083
32	90	4520	0.783362
32	91	4442	0.769844
32	92	4490	0.778163
32	93	4470	0.774697
32	94	4496	0.779203
32	95	4506	0.780936
32	96	4486	0.777470
32	97	4462	0.773310
32	98	4492	0.778510
32	99	4482	0.776776
33	34	4456	0.772270
33	35	4502	0.780243
33	36	4444	0.770191
33	37	4464	0.773657
33	38	4474	0.775390
33	39	4466	0.774003
33	40	4454	0.771924
33	41	4416	0.765338
33	42	4400	0.762565
33	43	4474	0.775390
33	44	4468	0.774350
33	45	4476	0.775737
33	46	4466	0.774003
33	47	4498	0.779549
33	48	4432	0.768111
33	49	4452	0.771577
33	50	4418	0.765685
33	51	4454	0.771924
33	52	4450	0.771231
33	53	4464	0.773657
33	54	4474	0.775390
33	55	4410	0.764298
33	56	4476	0.775737
33	57	4482	0.776776
33	58	4466	0.774003
33	59	4468	0.774350
33	60	4456	0.772270
33	61	4454	0.771924
33	62	4466	0.774003
33	63	4458	0.772617
33	64	4472	0.775043
33	65	4458	0.772617
33	66	4462	0.773310
33	67	4432	0.768111
33	68	4456	0.772270
33	69	4480	0.776430
33	70	4408	0.763951
33	71	4458	0.772617
33	72	4448	0.770884
33	73	4470	0.774697
33	74	4478	0.776083
33	75	4440	0.769497
33	76	4486	0.777470
33	77	4486	0.777470
33	78	4476	0.775737
33	79	4480	0.776430
33	80	4468	0.774350
33	81	4488	0.777816
33	82	4442	0.769844
33	83	4452	0.771577
33	84	4482	0.776776
33	85	4458	0.772617
33	86	4416	0.765338
33	87	4492	0.778510
33	88	4436	0.768804
33	89	4462	0.773310
33	90	4448	0.770884
33	91	4444	0.770191
33	92	4472	0.775043
33	93	4470	0.774697
33	94	4426	0.767071
33	95	4480	0.776430
33	96	4472	0.775043
33	97	4478	0.776083
33	98	4518	0.783016
33	99	4468	0.774350
34	35	4442	0.769844
34	36	4422	0.766378
34	37	4414	0.764991
34	38	4478	0.776083
34	39	4418	0.765685
34	40	4460	0.772964
34	41	4488	0.777816
34	42	4460	0.772964
34	43	4486	0.777470
34	44	4478	0.776083
34	45	4506	0.780936
34	46	4468	0.774350
34	47	4450	0.771231
34	48	4464	0.773657
34	49	4450	0.771231
34	50	4464	0.773657
34	51	4458	0.772617
34	52	4466	0.774003
34	53	4466	0.774003
34	54	4498	0.779549
34	55	4478	0.776083
34	56	4490	0.778163
34	57	4484	0.777123
34	58	4444	0.770191
34	59	4466	0.774003
34	60	4472	0.775043
34	61	4494	0.778856
34	62	4430	0.767764
34	63	4496	0.779203
34	64	4468	0.774350
34	65	4478	0.776083
34	66	4490	0.778163
34	67	4470	0.774697
34	68	4446	0.770537
34	69	4452	0.771577
34	70	4512	0.781976
34	71	4436	0.768804
34	72	4440	0.769497
34	73	4494	0.778856
34	74	4488	0.777816
34	75	4498	0.779549
34	76	4500	0.779896
34	77	4448	0.770884
34	78	4466	0.774003
34	79	4496	0.779203
34	80	4490	0.778163
34	81	4492	0.778510
34	82	4454	0.771924
34	83	4496	0.779203
34	84	4480	0.776430
34	85	4460	0.772964
34	86	4456	0.772270
34	87	4464	0.773657
34	88	4478	0.776083
34	89	4522	0.783709
34	90	4508	0.781282
34	91	4462	0.773310
34	92	4486	0.777470
34	93	4480	0.776430
34	94	4476	0.775737
34	95	4498	0.779549
34	96	4488	0.777816
34	97	4504	0.780589
34	98	4506	0.780936
34	99	4522	0.783709
35	36	4430	0.767764
35	37	4492	0.778510
35	38	4484	0.777123
35	39	4482	0.776776
35	40	4472	0.775043
35	41	4496	0.779203
35	42	4472	0.775043
35	43	4484	0.777123
35	44	4478	0.776083
35	45	4472	0.775043
35	46	4454	0.771924
35	47	4450	0.771231
35	48	4446	0.770537
35	49	4506	0.780936
35	50	4430	0.767764
35	51	4466	0.774003
35	52	4434	0.768458
35	53	4476	0.775737
35	54	4470	0.774697
35	55	4470	0.774697
35	56	4426	0.767071
35	57	4502	0.780243
35	58	4476	0.775737
35	59	4458	0.772617
35	60	4428	0.767418
35	61	4434	0.768458
35	62	4450	0.771231
35	63	4494	0.778856
35	64	4460	0.772964
35	65	4494	0.778856
35	66	4490	0.778163
35	67	4488	0.777816
35	68	4432	0.768111
35	69	4512	0.781976
35	70	4500	0.779896
35	71	4462	0.773310
35	72	4486	0.777470
35	73	4468	0.774350
35	74	4500	0.779896
35	75	4466	0.774003
35	76	4482	0.776776
35	77	4456	0.772270
35	78	4482	0.776776
35	79	4480	0.776430
35	80	4476	0.775737
35	81	4468	0.774350
35	82	4440	0.769497
35	83	4468	0.774350
35	84	4488	0.777816
35	85	4498	0.779549
35	86	4490	0.778163
35	87	4426	0.767071
35	88	4478	0.776083
35	89	4462	0.773310
35	90	4476	0.775737
35	91	4528	0.784749
35	92	4490	0.778163
35	93	4484	0.777123
35	94	4488	0.777816
35	95	4538	0.786482
35	96	4512	0.781976
35	97	4456	0.772270
35	98	4502	0.780243
35	99	4532	0.785442
36	37	4450	0.771231
36	38	4452	0.771577
36	39	4486	0.777470
36	40	4446	0.770537
36	41	4486	0.777470
36	42	4448	0.770884
36	43	4478	0.776083
36	44	4488	0.777816
36	45	4498	0.779549
36	46	4490	0.778163
36	47	4502	0.780243
36	48	4470	0.774697
36	49	4490	0.778163
36	50	4410	0.764298
36	51	4458	0.772617
36	52	4482	0.776776
36	53	4482	0.776776
36	54	4494	0.778856
36	55	4470	0.774697
36	56	4498	0.779549
36	57	4454	0.771924
36	58	4480	0.776430
36	59	4504	0.780589
36	60	4486	0.777470
36	61	4460	0.772964
36	62	4438	0.769151
36	63	4472	0.775043
36	64	4424	0.766724
36	65	4480	0.776430
36	66	4522	0.783709
36	67	4452	0.771577
36	68	4506	0.780936
36	69	4486	0.777470
36	70	4454	0.771924
36	71	4470	0.774697
36	72	4486	0.777470
36	73	4474	0.775390
36	74	4484	0.777123
36	75	4498	0.779549
36	76	4452	0.771577
36	77	4490	0.778163
36	78	4524	0.784055
36	79	4460	0.772964
36	80	4486	0.777470
36	81	4486	0.777470
36	82	4452	0.771577
36	83	4468	0.774350
36	84	4442	0.769844
36	85	4524	0.784055
36	86	4490	0.778163
36	87	4450	0.771231
36	88	4458	0.772617
36	89	4494	0.778856
36	90	4510	0.781629
36	91	4482	0.776776
36	92	4420	0.766031
36	93	4486	0.777470
36	94	4474	0.775390
36	95	4484	0.777123
36	96	4496	0.779203
36	97	4494	0.778856
36	98	4530	0.785095
36	99	4490	0.778163
37	38	4452	0.771577
37	39	4474	0.775390
37	40	4498	0.779549
37	41	4482	0.776776
37	42	4508	0.781282
37	43	4484	0.777123
37	44	4450	0.771231
37	45	4446	0.770537
37	46	4492	0.778510
37	47	4496	0.779203
37	48	4492	0.778510
37	49	4426	0.767071
37	50	4484	0.777123
37	51	4484	0.777123
37	52	4526	0.784402
37	53	4480	0.776430
37	54	4472	0.775043
37	55	4486	0.777470
37	56	4438	0.769151
37	57	4460	0.772964
37	58	4482	0.776776
37	59	4418	0.765685
37	60	4502	0.780243
37	61	4482	0.776776
37	62	4478	0.776083
37	63	4462	0.773310
37	64	4472	0.775043
37	65	4412	0.764645
37	66	4472	0.775043
37	67	4446	0.770537
37	68	4534	0.785789
37	69	4492	0.778510
37	70	4422	0.766378
37	71	4460	0.772964
37	72	4506	0.780936
37	73	4512	0.781976
37	74	4474	0.775390
37	75	4458	0.772617
37	76	4436	0.768804
37	77	4508	0.781282
37	78	4450	0.771231
37	79	4482	0.776776
37	80	4464	0.773657
37	81	4470	0.774697
37	82	4464	0.773657
37	83	4432	0.768111
37	84	4488	0.777816
37	85	4492	0.778510
37	86	4472	0.775043
37	87	4462	0.773310
37	88	4478	0.776083
37	89	4476	0.775737
37	90	4464	0.773657
37	91	4468	0.774350
37	92	4444	0.770191
37	93	4478	0.776083
37	94	4446	0.770537
37	95	4496	0.779203
37	96	4464	0.773657
37	97	4504	0.780589
37	98	4498	0.779549
37	99	4528	0.784749
38	39	4466	0.774003
38	40	4504	0.780589
38	41	4466	0.774003
38	42	4470	0.774697
38	43	4484	0.777123
38	44	4486	0.777470
38	45	4476	0.775737
38	46	4430	0.767764
38	47	4516	0.782669
38	48	4474	0.775390
38	49	4474	0.775390
38	50	4488	0.777816
38	51	4478	0.776083
38	52	4480	0.776430
38	53	4498	0.779549
38	54	4468	0.774350
38	55	4484	0.777123
38	56	4452	0.771577
38	57	4474	0.775390
38	58	4496	0.779203
38	59	4476	0.775737
38	60	4490	0.778163
38	61	4416	0.765338
38	62	4496	0.779203
38	63	4474	0.775390
38	64	4474	0.775390
38	65	4474	0.775390
38	66	4490	0.778163
38	67	4458	0.772617
38	68	4464	0.773657
38	69	4462	0.773310
38	70	4476	0.775737
38	71	4478	0.776083
38	72	4444	0.770191
38	73	4474	0.775390
38	74	4458	0.772617
38	75	4466	0.774003
38	76	4500	0.779896
38	77	4470	0.774697
38	78	4490	0.778163
38	79	4468	0.774350
38	80	4482	0.776776
38	81	4506	0.780936
38	82	4442	0.769844
38	83	4478	0.776083
38	84	4504	0.780589
38	85	4480	0.776430
38	86	4488	0.777816
38	87	4486	0.777470
38	88	4486	0.777470
38	89	4462	0.773310
38	90	4492	0.778510
38	91	4474	0.775390
38	92	4522	0.783709
38	93	4448	0.770884
38	94	4474	0.775390
38	95	4470	0.774697
38	96	4494	0.778856
38	97	4498	0.779549
38	98	4510	0.781629
38	99	4512	0.781976
39	40	4464	0.773657
39	41	4480	0.776430
39	42	4458	0.772617
39	43	4460	0.772964
39	44	4494	0.778856
39	45	4484	0.777123
39	46	4470	0.774697
39	47	4490	0.778163
39	48	4476	0.775737
39	49	4464	0.773657
39	50	4474	0.775390
39	51	4484	0.777123
39	52	4530	0.785095
39	53	4470	0.774697
39	54	4518	0.783016
39	55	4472	0.775043
39	56	4506	0.780936
39	57	4504	0.780589
39	58	4438	0.769151
39	59	4448	0.770884
39	60	4500	0.779896
39	61	4434	0.768458
39	62	4476	0.775737
39	63	4490	0.778163
39	64	4470	0.774697
39	65	4462	0.773310
39	66	4494	0.778856
39	67	4450	0.771231
39	68	4430	0.767764
39	69	4454	0.771924
39	70	4468	0.774350
39	71	4430	0.767764
39	72	4504	0.780589
39	73	4478	0.776083
39	74	4528	0.784749
39	75	4492	0.778510
39	76	4446	0.770537
39	77	4472	0.775043
39	78	4464	0.773657
39	79	4486	0.777470
39	80	4474	0.775390
39	81	4502	0.780243
39	82	4500	0.779896
39	83	4508	0.781282
39	84	4480	0.776430
39	85	4454	0.771924
39	86	4472	0.775043
39	87	4496	0.779203
39	88	4476	0.775737
39	89	4522	0.783709
39	90	4480	0.776430
39	91	4472	0.775043
39	92	4478	0.776083
39	93	4478	0.776083
39	94	4514	0.782322
39	95	4496	0.779203
39	96	4506	0.780936
39	97	4438	0.769151
39	98	4474	0.775390
39	99	4512	0.781976
40	41	4506	0.780936
40	42	4430	0.767764
40	43	4478	0.776083
40	44	4478	0.776083
40	45	4454	0.771924
40	46	4460	0.772964
40	47	4464	0.773657
40	48	4464	0.773657
40	49	4474	0.775390
40	50	4486	0.777470
40	51	4448	0.770884
40	52	4472	0.775043
40	53	4492	0.778510
40	54	4484	0.777123
40	55	4500	0.779896
40	56	4480	0.776430
40	57	4466	0.774003
40	58	4482	0.776776
40	59	4470	0.774697
40	60	4472	0.775043
40	61	4484	0.777123
40	62	4510	0.781629
40	63	4470	0.774697
40	64	4482	0.776776
40	65	4490	0.778163
40	66	4506	0.780936
40	67	4456	0.772270
40	68	4476	0.775737
40	69	4470	0.774697
40	70	4492	0.778510
40	71	4436	0.768804
40	72	4492	0.778510
40	73	4484	0.777123
40	74	4528	0.784749
40	75	4484	0.777123
40	76	4460	0.772964
40	77	4478	0.776083
40	78	4464	0.773657
40	79	4462	0.773310
40	80	4464	0.773657
40	81	4480	0.776430
40	82	4474	0.775390
40	83	4474	0.775390
40	84	4496	0.779203
40	85	4458	0.772617
40	86	4480	0.776430
40	87	4478	0.776083
40	88	4500	0.779896
40	89	4490	0.778163
40	90	4490	0.778163
40	91	4490	0.778163
40	92	4466	0.774003
40	93	4476	0.775737
40	94	4498	0.779549
40	95	4506	0.780936
40	96	4514	0.782322
40	97	4450	0.771231
40	98	4510	0.781629
40	99	4532	0.785442
41	42	4414	0.764991
41	43	4424	0.766724
41	44	4486	0.777470
41	45	4414	0.764991
41	46	4458	0.772617
41	47	4494	0.778856
41	48	4456	0.772270
41	49	4454	0.771924
41	50	4480	0.776430
41	51	4468	0.774350
41	52	4490	0.778163
41	53	4442	0.769844
41	54	4422	0.766378
41	55	4460	0.772964
41	56	4474	0.775390
41	57	4440	0.769497
41	58	4442	0.769844
41	59	4458	0.772617
41	60	4454	0.771924
41	61	4440	0.769497
41	62	4478	0.776083
41	63	4478	0.776083
41	64	4460	0.772964
41	65	4474	0.775390
41	66	4456	0.772270
41	67	4422	0.766378
41	68	4470	0.774697
41	69	4438	0.769151
41	70	4484	0.777123
41	71	4462	0.773310
41	72	4470	0.774697
41	73	4426	0.767071
41	74	4522	0.783709
41	75	4464	0.773657
41	76	4468	0.774350
41	77	4494	0.778856
41	78	4432	0.768111
41	79	4450	0.771231
41	80	4474	0.775390
41	81	4484	0.777123
41	82	4450	0.771231
41	83	4464	0.773657
41	84	4462	0.773310
41	85	4440	0.769497
41	86	4436	0.768804
41	87	4478	0.776083
41	88	4486	0.777470
41	89	4488	0.777816
41	90	4506	0.780936
41	91	4476	0.775737
41	92	4468	0.774350
41	93	4486	0.777470
41	94	4454	0.771924
41	95	4502	0.780243
41	96	4512	0.781976
41	97	4450	0.771231
41	98	4492	0.778510
41	99	4528	0.784749
42	43	4422	0.766378
42	44	4486	0.777470
42	45	4474	0.775390
42	46	4496	0.779203
42	47	4488	0.777816
42	48	4474	0.775390
42	49	4484	0.777123
42	50	4462	0.773310
42	51	4482	0.776776
42	52	4478	0.776083
42	53	4496	0.779203
42	54	4450	0.771231
42	55	4458	0.772617
42	56	4466	0.774003
42	57	4522	0.783709
42	58	4474	0.775390
42	59	4484	0.777123
42	60	4458	0.772617
42	61	4406	0.763605
42	62	4502	0.780243
42	63	4464	0.773657
42	64	4504	0.780589
42	65	4496	0.779203
42	66	4500	0.779896
42	67	4436	0.768804
42	68	4438	0.769151
42	69	4522	0.783709
42	70	4456	0.772270
42	71	4470	0.774697
42	72	4478	0.776083
42	73	4450	0.771231
42	74	4476	0.775737
42	75	4466	0.774003
42	76	4480	0.776430
42	77	4516	0.782669
42	78	4460	0.772964
42	79	4520	0.783362
42	80	4464	0.773657
42	81	4496	0.779203
42	82	4510	0.781629
42	83	4498	0.779549
42	84	4502	0.780243
42	85	4482	0.776776
42	86	4452	0.771577
42	87	4510	0.781629
42	88	4454	0.771924
42	89	4488	0.777816
42	90	4506	0.780936
42	91	4454	0.771924
42	92	4496	0.779203
42	93	4490	0.778163
42	94	4444	0.770191
42	95	4504	0.780589
42	96	4498	0.779549
42	97	4502	0.780243
42	98	4524	0.784055
42	99	4512	0.781976
43	44	4506	0.780936
43	45	4484	0.777123
43	46	4448	0.770884
43	47	4492	0.778510
43	48	4472	0.775043
43	49	4486	0.777470
43	50	4458	0.772617
43	51	4462	0.773310
43	52	4464	0.773657
43	53	4462	0.773310
43	54	4450	0.771231
43	55	4498	0.779549
43	56	4452	0.771577
43	57	4470	0.774697
43	58	4442	0.769844
43	59	4442	0.769844
43	60	4478	0.776083
43	61	4448	0.770884
43	62	4510	0.781629
43	63	4482	0.776776
43	64	4466	0.774003
43	65	4472	0.775043
43	66	4458	0.772617
43	67	4460	0.772964
43	68	4476	0.775737
43	69	4462	0.773310
43	70	4484	0.777123
43	71	4496	0.779203
43	72	4462	0.773310
43	73	4440	0.769497
43	74	4458	0.772617
43	75	4476	0.775737
43	76	4470	0.774697
43	77	4488	0.777816
43	78	4446	0.770537
43	79	4458	0.772617
43	80	4492	0.778510
43	81	4490	0.778163
43	82	4456	0.772270
43	83	4476	0.775737
43	84	4450	0.771231
43	85	4502	0.780243
43	86	4484	0.777123
43	87	4502	0.780243
43	88	4474	0.775390
43	89	4462	0.773310
43	90	4508	0.781282
43	91	4488	0.777816
43	92	4510	0.781629
43	93	4482	0.776776
43	94	4472	0.775043
43	95	4468	0.774350
43	96	4466	0.774003
43	97	4478	0.776083
43	98	4518	0.783016
43	99	4504	0.780589
44	45	4448	0.770884
44	46	4432	0.768111
44	47	4490	0.778163
44	48	4506	0.780936
44	49	4470	0.774697
44	50	4414	0.764991
44	51	4472	0.775043
44	52	4490	0.778163
44	53	4468	0.774350
44	54	4452	0.771577
44	55	4476	0.775737
44	56	4496	0.779203
44	57	4442	0.769844
44	58	4470	0.774697
44	59	4466	0.774003
44	60	4486	0.777470
44	61	4460	0.772964
44	62	4482	0.776776
44	63	4502	0.780243
44	64	4450	0.771231
44	65	4488	0.777816
44	66	4480	0.776430
44	67	4468	0.774350
44	68	4472	0.775043
44	69	4452	0.771577
44	70	4460	0.772964
44	71	4506	0.780936
44	72	4510	0.781629
44	73	4500	0.779896
44	74	4472	0.775043
44	75	4468	0.774350
44	76	4452	0.771577
44	77	4502	0.780243
44	78	4446	0.770537
44	79	4522	0.783709
44	80	4486	0.777470
44	81	4464	0.773657
44	82	4472	0.775043
44	83	4458	0.772617
44	84	4452	0.771577
44	85	4472	0.775043
44	86	4494	0.778856
44	87	4498	0.779549
44	88	4478	0.776083
44	89	4488	0.777816
44	90	4476	0.775737
44	91	4510	0.781629
44	92	4492	0.778510
44	93	4498	0.779549
44	94	4466	0.774003
44	95	4500	0.779896
44	96	4512	0.781976
44	97	4482	0.776776
44	98	4462	0.773310
44	99	4532	0.785442
45	46	4452	0.771577
45	47	4492	0.778510
45	48	4476	0.775737
45	49	4476	0.775737
45	50	4476	0.775737
45	51	4492	0.778510
45	52	4458	0.772617
45	53	4492	0.778510
45	54	4436	0.768804
45	55	4510	0.781629
45	56	4448	0.770884
45	57	4496	0.779203
45	58	4496	0.779203
45	59	4438	0.769151
45	60	4468	0.774350
45	61	4484	0.777123
45	62	4502	0.780243
45	63	4502	0.780243
45	64	4464	0.773657
45	65	4472	0.775043
45	66	4496	0.779203
45	67	4416	0.765338
45	68	4482	0.776776
45	69	4450	0.771231
45	70	4450	0.771231
45	71	4446	0.770537
45	72	4476	0.775737
45	73	4476	0.775737
45	74	4494	0.778856
45	75	4426	0.767071
45	76	4468	0.774350
45	77	4486	0.777470
45	78	4440	0.769497
45	79	4480	0.776430
45	80	4510	0.781629
45	81	4508	0.781282
45	82	4468	0.774350
45	83	4460	0.772964
45	84	4472	0.775043
45	85	4466	0.774003
45	86	4486	0.777470
45	87	4468	0.774350
45	88	4482	0.776776
45	89	4450	0.771231
45	90	4482	0.776776
45	91	4484	0.777123
45	92	4476	0.775737
45	93	4470	0.774697
45	94	4466	0.774003
45	95	4504	0.780589
45	96	4484	0.777123
45	97	4466	0.774003
45	98	4458	0.772617
45	99	4516	0.782669
46	47	4476	0.775737
46	48	4472	0.775043
46	49	4454	0.771924
46	50	4484	0.777123
46	51	4458	0.772617
46	52	4456	0.772270
46	53	4428	0.767418
46	54	4446	0.770537
46	55	4466	0.774003
46	56	4464	0.773657
46	57	4480	0.776430
46	58	4470	0.774697
46	59	4462	0.773310
46	60	4494	0.778856
46	61	4392	0.761179
46	62	4494	0.778856
46	63	4500	0.779896
46	64	4472	0.775043
46	65	4492	0.778510
46	66	4488	0.777816
46	67	4464	0.773657
46	68	4476	0.775737
46	69	4440	0.769497
46	70	4462	0.773310
46	71	4540	0.786828
46	72	4448	0.770884
46	73	4500	0.779896
46	74	4484	0.777123
46	75	4420	0.766031
46	76	4490	0.778163
46	77	4436	0.768804
46	78	4428	0.767418
46	79	4468	0.774350
46	80	4508	0.781282
46	81	4486	0.777470
46	82	4476	0.775737
46	83	4462	0.773310
46	84	4446	0.770537
46	85	4468	0.774350
46	86	4472	0.775043
46	87	4458	0.772617
46	88	4488	0.777816
46	89	4468	0.774350
46	90	4498	0.779549
46	91	4508	0.781282
46	92	4466	0.774003
46	93	4486	0.777470
46	94	4412	0.764645
46	95	4542	0.787175
46	96	4528	0.784749
46	97	4456	0.772270
46	98	4486	0.777470
46	99	4508	0.781282
47	48	4470	0.774697
47	49	4500	0.779896
47	50	4492	0.778510
47	51	4478	0.776083
47	52	4442	0.769844
47	53	4476	0.775737
47	54	4492	0.778510
47	55	4472	0.775043
47	56	4460	0.772964
47	57	4476	0.775737
47	58	4474	0.775390
47	59	4468	0.774350
47	60	4452	0.771577
47	61	4454	0.771924
47	62	4496	0.779203
47	63	4464	0.773657
47	64	4516	0.782669
47	65	4478	0.776083
47	66	4490	0.778163
47	67	4474	0.775390
47	68	4490	0.778163
47	69	4456	0.772270
47	70	4522	0.783709
47	71	4498	0.779549
47	72	4454	0.771924
47	73	4484	0.777123
47	74	4490	0.778163
47	75	4480	0.776430
47	76	4482	0.776776
47	77	4500	0.779896
47	78	4512	0.781976
47	79	4510	0.781629
47	80	4504	0.780589
47	81	4522	0.783709
47	82	4500	0.779896
47	83	4498	0.779549
47	84	4480	0.776430
47	85	4494	0.778856
47	86	4456	0.772270
47	87	4488	0.777816
47	88	4500	0.779896
47	89	4528	0.784749
47	90	4510	0.781629
47	91	4492	0.778510
47	92	4498	0.779549
47	93	4474	0.775390
47	94	4486	0.777470
47	95	4500	0.779896
47	96	4500	0.779896
47	97	4492	0.778510
47	98	4474	0.775390
47	99	4530	0.785095
48	49	4500	0.779896
48	50	4466	0.774003
48	51	4474	0.775390
48	52	4484	0.777123
48	53	4454	0.771924
48	54	4462	0.773310
48	55	4474	0.775390
48	56	4468	0.774350
48	57	4476	0.775737
48	58	4446	0.770537
48	59	4470	0.774697
48	60	4500	0.779896
48	61	4454	0.771924
48	62	4438	0.769151
48	63	4506	0.780936
48	64	4478	0.776083
48	65	4490	0.778163
48	66	4476	0.775737
48	67	4440	0.769497
48	68	4476	0.775737
48	69	4482	0.776776
48	70	4444	0.770191
48	71	4494	0.778856
48	72	4488	0.777816
48	73	4514	0.782322
48	74	4510	0.781629
48	75	4476	0.775737
48	76	4510	0.781629
48	77	4456	0.772270
48	78	4464	0.773657
48	79	4468	0.774350
48	80	4484	0.777123
48	81	4482	0.776776
48	82	4474	0.775390
48	83	4478	0.776083
48	84	4452	0.771577
48	85	4466	0.774003
48	86	4502	0.780243
48	87	4462	0.773310
48	88	4484	0.777123
48	89	4490	0.778163
48	90	4502	0.780243
48	91	4494	0.778856
48	92	4506	0.780936
48	93	4518	0.783016
48	94	4518	0.783016
48	95	4534	0.785789
48	96	4514	0.782322
48	97	4484	0.777123
48	98	4512	0.781976
48	99	4488	0.777816
49	50	4476	0.775737
49	51	4516	0.782669
49	52	4528	0.784749
49	53	4450	0.771231
49	54	4494	0.778856
49	55	4478	0.776083
49	56	4466	0.774003
49	57	4468	0.774350
49	58	4444	0.770191
49	59	4450	0.771231
49	60	4476	0.775737
49	61	4446	0.770537
49	62	4502	0.780243
49	63	4504	0.780589
49	64	4478	0.776083
49	65	4516	0.782669
49	66	4504	0.780589
49	67	4494	0.778856
49	68	4444	0.770191
49	69	4436	0.768804
49	70	4470	0.774697
49	71	4496	0.779203
49	72	4494	0.778856
49	73	4466	0.774003
49	74	4514	0.782322
49	75	4460	0.772964
49	76	4500	0.779896
49	77	4496	0.779203
49	78	4482	0.776776
49	79	4438	0.769151
49	80	4506	0.780936
49	81	4480	0.776430
49	82	4486	0.777470
49	83	4508	0.781282
49	84	4496	0.779203
49	85	4444	0.770191
49	86	4502	0.780243
49	87	4516	0.782669
49	88	4468	0.774350
49	89	4476	0.775737
49	90	4466	0.774003
49	91	4508	0.781282
49	92	4524	0.784055
49	93	4478	0.776083
49	94	4480	0.776430
49	95	4468	0.774350
49	96	4464	0.773657
49	97	4490	0.778163
49	98	4488	0.777816
49	99	4526	0.784402
50	51	4504	0.780589
50	52	4552	0.788908
50	53	4444	0.770191
50	54	4450	0.771231
50	55	4486	0.777470
50	56	4472	0.775043
50	57	4476	0.775737
50	58	4450	0.771231
50	59	4460	0.772964
50	60	4440	0.769497
50	61	4440	0.769497
50	62	4462	0.773310
50	63	4424	0.766724
50	64	4424	0.766724
50	65	4486	0.777470
50	66	4494	0.778856
50	67	4444	0.770191
50	68	4446	0.770537
50	69	4488	0.777816
50	70	4486	0.777470
50	71	4444	0.770191
50	72	4444	0.770191
50	73	4470	0.774697
50	74	4518	0.783016
50	75	4434	0.768458
50	76	4490	0.778163
50	77	4464	0.773657
50	78	4522	0.783709
50	79	4478	0.776083
50	80	4460	0.772964
50	81	4492	0.778510
50	82	4458	0.772617
50	83	4456	0.772270
50	84	4526	0.784402
50	85	4484	0.777123
50	86	4476	0.775737
50	87	4402	0.762912
50	88	4446	0.770537
50	89	4470	0.774697
50	90	4464	0.773657
50	91	4510	0.781629
50	92	4444	0.770191
50	93	4490	0.778163
50	94	4488	0.777816
50	95	4468	0.774350
50	96	4482	0.776776
50	97	4530	0.785095
50	98	4464	0.773657
50	99	4456	0.772270
51	52	4490	0.778163
51	53	4442	0.769844
51	54	4494	0.778856
51	55	4432	0.768111
51	56	4450	0.771231
51	57	4476	0.775737
51	58	4476	0.775737
51	59	4470	0.774697
51	60	4482	0.776776
51	61	4442	0.769844
51	62	4492	0.778510
51	63	4534	0.785789
51	64	4418	0.765685
51	65	4490	0.778163
51	66	4492	0.778510
51	67	4452	0.771577
51	68	4486	0.777470
51	69	4472	0.775043
51	70	4506	0.780936
51	71	4462	0.773310
51	72	4462	0.773310
51	73	4492	0.778510
51	74	4470	0.774697
51	75	4480	0.776430
51	76	4434	0.768458
51	77	4516	0.782669
51	78	4504	0.780589
51	79	4466	0.774003
51	80	4504	0.780589
51	81	4480	0.776430
51	82	4414	0.764991
51	83	4506	0.780936
51	84	4434	0.768458
51	85	4468	0.774350
51	86	4488	0.777816
51	87	4506	0.780936
51	88	4488	0.777816
51	89	4480	0.776430
51	90	4492	0.778510
51	91	4488	0.777816
51	92	4484	0.777123
51	93	4506	0.780936
51	94	4490	0.778163
51	95	4522	0.783709
51	96	4504	0.780589
51	97	4510	0.781629
51	98	4516	0.782669
51	99	4556	0.789601
52	53	4472	0.775043
52	54	4506	0.780936
52	55	4480	0.776430
52	56	4480	0.776430
52	57	4508	0.781282
52	58	4512	0.781976
52	59	4510	0.781629
52	60	4466	0.774003
52	61	4496	0.779203
52	62	4468	0.774350
52	63	4486	0.777470
52	64	4474	0.775390
52	65	4492	0.778510
52	66	4496	0.779203
52	67	4474	0.775390
52	68	4472	0.775043
52	69	4484	0.777123
52	70	4494	0.778856
52	71	4468	0.774350
52	72	4502	0.780243
52	73	4484	0.777123
52	74	4514	0.782322
52	75	4472	0.775043
52	76	4536	0.786135
52	77	4478	0.776083
52	78	4502	0.780243
52	79	4486	0.777470
52	80	4510	0.781629
52	81	4498	0.779549
52	82	4438	0.769151
52	83	4532	0.785442
52	84	4468	0.774350
52	85	4488	0.777816
52	86	4516	0.782669
52	87	4514	0.782322
52	88	4516	0.782669
52	89	4466	0.774003
52	90	4540	0.786828
52	91	4480	0.776430
52	92	4510	0.781629
52	93	4492	0.778510
52	94	4504	0.780589
52	95	4510	0.781629
52	96	4534	0.785789
52	97	4512	0.781976
52	98	4496	0.779203
52	99	4510	0.781629
53	54	4478	0.776083
53	55	4454	0.771924
53	56	4488	0.777816
53	57	4458	0.772617
53	58	4492	0.778510
53	59	4424	0.766724
53	60	4474	0.775390
53	61	4416	0.765338
53	62	4478	0.776083
53	63	4476	0.775737
53	64	4430	0.767764
53	65	4484	0.777123
53	66	4484	0.777123
53	67	4436	0.768804
53	68	4416	0.765338
53	69	4510	0.781629
53	70	4470	0.774697
53	71	4480	0.776430
53	72	4470	0.774697
53	73	4488	0.777816
53	74	4490	0.778163
53	75	4434	0.768458
53	76	4500	0.779896
53	77	4436	0.768804
53	78	4446	0.770537
53	79	4478	0.776083
53	80	4474	0.775390
53	81	4480	0.776430
53	82	4438	0.769151
53	83	4464	0.773657
53	84	4460	0.772964
53	85	4486	0.777470
53	86	4494	0.778856
53	87	4456	0.772270
53	88	4474	0.775390
53	89	4488	0.777816
53	90	4506	0.780936
53	91	4492	0.778510
53	92	4496	0.779203
53	93	4470	0.774697
53	94	4508	0.781282
53	95	4492	0.778510
53	96	4504	0.780589
53	97	4512	0.781976
53	98	4520	0.783362
53	99	4494	0.778856
54	55	4516	0.782669
54	56	4434	0.768458
54	57	4488	0.777816
54	58	4500	0.779896
54	59	4496	0.779203
54	60	4492	0.778510
54	61	4458	0.772617
54	62	4494	0.778856
54	63	4484	0.777123
54	64	4464	0.773657
54	65	4498	0.779549
54	66	4484	0.777123
54	67	4470	0.774697
54	68	4488	0.777816
54	69	4452	0.771577
54	70	4474	0.775390
54	71	4460	0.772964
54	72	4492	0.778510
54	73	4454	0.771924
54	74	4488	0.777816
54	75	4476	0.775737
54	76	4462	0.773310
54	77	4502	0.780243
54	78	4424	0.766724
54	79	4502	0.780243
54	80	4498	0.779549
54	81	4494	0.778856
54	82	4502	0.780243
54	83	4456	0.772270
54	84	4458	0.772617
54	85	4484	0.777123
54	86	4500	0.779896
54	87	4460	0.772964
54	88	4502	0.780243
54	89	4472	0.775043
54	90	4460	0.772964
54	91	4472	0.775043
54	92	4502	0.780243
54	93	4474	0.775390
54	94	4482	0.776776
54	95	4536	0.786135
54	96	4470	0.774697
54	97	4464	0.773657
54	98	4496	0.779203
54	99	4514	0.782322
55	56	4438	0.769151
55	57	4490	0.778163
55	58	4452	0.771577
55	59	4442	0.769844
55	60	4470	0.774697
55	61	4472	0.775043
55	62	4478	0.776083
55	63	4488	0.777816
55	64	4482	0.776776
55	65	4496	0.779203
55	66	4502	0.780243
55	67	4438	0.769151
55	68	4456	0.772270
55	69	4490	0.778163
55	70	4482	0.776776
55	71	4502	0.780243
55	72	4478	0.776083
55	73	4518	0.783016
55	74	4468	0.774350
55	75	4472	0.775043
55	76	4480	0.776430
55	77	4508	0.781282
55	78	4440	0.769497
55	79	4470	0.774697
55	80	4522	0.783709
55	81	4496	0.779203
55	82	4480	0.776430
55	83	4514	0.782322
55	84	4454	0.771924
55	85	4482	0.776776
55	86	4504	0.780589
55	87	4502	0.780243
55	88	4500	0.779896
55	89	4428	0.767418
55	90	4514	0.782322
55	91	4466	0.774003
55	92	4510	0.781629
55	93	4478	0.776083
55	94	4458	0.772617
55	95	4522	0.783709
55	96	4508	0.781282
55	97	4468	0.774350
55	98	4422	0.766378
55	99	4474	0.775390
56	57	4486	0.777470
56	58	4452	0.771577
56	59	4446	0.770537
56	60	4486	0.777470
56	61	4406	0.763605
56	62	4470	0.774697
56	63	4492	0.778510
56	64	4444	0.770191
56	65	4468	0.774350
56	66	4452	0.771577
56	67	4466	0.774003
56	68	4478	0.776083
56	69	4454	0.771924
56	70	4472	0.775043
56	71	4474	0.775390
56	72	4492	0.778510
56	73	4464	0.773657
56	74	4442	0.769844
56	75	4474	0.775390
56	76	4442	0.769844
56	77	4468	0.774350
56	78	4480	0.776430
56	79	4500	0.779896
56	80	4510	0.781629
56	81	4438	0.769151
56	82	4480	0.776430
56	83	4486	0.777470
56	84	4484	0.777123
56	85	4450	0.771231
56	86	4536	0.786135
56	87	4496	0.779203
56	88	4486	0.777470
56	89	4490	0.778163
56	90	4472	0.775043
56	91	4478	0.776083
56	92	4532	0.785442
56	93	4490	0.778163
56	94	4430	0.767764
56	95	4512	0.781976
56	96	4496	0.779203
56	97	4466	0.774003
56	98	4492	0.778510
56	99	4518	0.783016
57	58	4506	0.780936
57	59	4486	0.777470
57	60	4480	0.776430
57	61	4454	0.771924
57	62	4490	0.778163
57	63	4518	0.783016
57	64	4464	0.773657
57	65	4466	0.774003
57	66	4452	0.771577
57	67	4476	0.775737
57	68	4476	0.775737
57	69	4478	0.776083
57	70	4516	0.782669
57	71	4488	0.777816
57	72	4502	0.780243
57	73	4434	0.768458
57	74	4488	0.777816
57	75	4458	0.772617
57	76	4436	0.768804
57	77	4492	0.778510
57	78	4492	0.778510
57	79	4476	0.775737
57	80	4492	0.778510
57	81	4460	0.772964
57	82	4470	0.774697
57	83	4490	0.778163
57	84	4508	0.781282
57	85	4474	0.775390
57	86	4502	0.780243
57	87	4432	0.768111
57	88	4490	0.778163
57	89	4520	0.783362
57	90	4550	0.788562
57	91	4502	0.780243
57	92	4488	0.777816
57	93	4474	0.775390
57	94	4464	0.773657
57	95	4488	0.777816
57	96	4500	0.779896
57	97	4480	0.776430
57	98	4512	0.781976
57	99	4484	0.777123
58	59	4460	0.772964
58	60	4460	0.772964
58	61	4482	0.776776
58	62	4488	0.777816
58	63	4540	0.786828
58	64	4490	0.778163
58	65	4482	0.776776
58	66	4490	0.778163
58	67	4440	0.769497
58	68	4450	0.771231
58	69	4464	0.773657
58	70	4496	0.779203
58	71	4456	0.772270
58	72	4488	0.777816
58	73	4466	0.774003
58	74	4502	0.780243
58	75	4498	0.779549
58	76	4444	0.770191
58	77	4496	0.779203
58	78	4486	0.777470
58	79	4522	0.783709
58	80	4498	0.779549
58	81	4488	0.777816
58	82	4454	0.771924
58	83	4456	0.772270
58	84	4492	0.778510
58	85	4490	0.778163
58	86	4484	0.777123
58	87	4492	0.778510
58	88	4484	0.777123
58	89	4478	0.776083
58	90	4514	0.782322
58	91	4494	0.778856
58	92	4506	0.780936
58	93	4484	0.777123
58	94	4492	0.778510
58	95	4518	0.783016
58	96	4526	0.784402
58	97	4456	0.772270
58	98	4456	0.772270
58	99	4488	0.777816
59	60	4464	0.773657
59	61	4436	0.768804
59	62	4520	0.783362
59	63	4510	0.781629
59	64	4504	0.780589
59	65	4486	0.777470
59	66	4524	0.784055
59	67	4466	0.774003
59	68	4482	0.776776
59	69	4452	0.771577
59	70	4448	0.770884
59	71	4456	0.772270
59	72	4474	0.775390
59	73	4484	0.777123
59	74	4500	0.779896
59	75	4474	0.775390
59	76	4452	0.771577
59	77	4464	0.773657
59	78	4480	0.776430
59	79	4432	0.768111
59	80	4480	0.776430
59	81	4500	0.779896
59	82	4448	0.770884
59	83	4458	0.772617
59	84	4462	0.773310
59	85	4484	0.777123
59	86	4466	0.774003
59	87	4498	0.779549
59	88	4464	0.773657
59	89	4428	0.767418
59	90	4434	0.768458
59	91	4488	0.777816
59	92	4502	0.780243
59	93	4484	0.777123
59	94	4482	0.776776
59	95	4494	0.778856
59	96	4470	0.774697
59	97	4438	0.769151
59	98	4466	0.774003
59	99	4542	0.787175
60	61	4446	0.770537
60	62	4508	0.781282
60	63	4484	0.777123
60	64	4456	0.772270
60	65	4438	0.769151
60	66	4500	0.779896
60	67	4456	0.772270
60	68	4462	0.773310
60	69	4478	0.776083
60	70	4468	0.774350
60	71	4474	0.775390
60	72	4478	0.776083
60	73	4452	0.771577
60	74	4464	0.773657
60	75	4446	0.770537
60	76	4480	0.776430
60	77	4446	0.770537
60	78	4500	0.779896
60	79	4466	0.774003
60	80	4496	0.779203
60	81	4498	0.779549
60	82	4486	0.777470
60	83	4464	0.773657
60	84	4512	0.781976
60	85	4504	0.780589
60	86	4464	0.773657
60	87	4484	0.777123
60	88	4456	0.772270
60	89	4450	0.771231
60	90	4516	0.782669
60	91	4454	0.771924
60	92	4474	0.775390
60	93	4462	0.773310
60	94	4484	0.777123
60	95	4490	0.778163
60	96	4494	0.778856
60	97	4468	0.774350
60	98	4502	0.780243
60	99	4498	0.779549
61	62	4462	0.773310
61	63	4446	0.770537
61	64	4432	0.768111
61	65	4442	0.769844
61	66	4446	0.770537
61	67	4430	0.767764
61	68	4462	0.773310
61	69	4458	0.772617
61	70	4480	0.776430
61	71	4482	0.776776
61	72	4466	0.774003
61	73	4474	0.775390
61	74	4470	0.774697
61	75	4410	0.764298
61	76	4456	0.772270
61	77	4468	0.774350
61	78	4486	0.777470
61	79	4482	0.776776
61	80	4478	0.776083
61	81	4428	0.767418
61	82	4484	0.777123
61	83	4466	0.774003
61	84	4480	0.776430
61	85	4462	0.773310
61	86	4460	0.772964
61	87	4462	0.773310
61	88	4458	0.772617
61	89	4504	0.780589
61	90	4460	0.772964
61	91	4492	0.778510
61	92	4486	0.777470
61	93	4456	0.772270
61	94	4470	0.774697
61	95	4514	0.782322
61	96	4498	0.779549
61	97	4428	0.767418
61	98	4508	0.781282
61	99	4504	0.780589
62	63	4490	0.778163
62	64	4434	0.768458
62	65	4478	0.776083
62	66	4464	0.773657
62	67	4462	0.773310
62	68	4462	0.773310
62	69	4472	0.775043
62	70	4506	0.780936
62	71	4460	0.772964
62	72	4476	0.775737
62	73	4482	0.776776
62	74	4530	0.785095
62	75	4508	0.781282
62	76	4472	0.775043
62	77	4464	0.773657
62	78	4496	0.779203
62	79	4516	0.782669
62	80	4490	0.778163
62	81	4502	0.780243
62	82	4490	0.778163
62	83	4438	0.769151
62	84	4488	0.777816
62	85	4492	0.778510
62	86	4536	0.786135
62	87	4428	0.767418
62	88	4472	0.775043
62	89	4516	0.782669
62	90	4474	0.775390
62	91	4486	0.777470
62	92	4456	0.772270
62	93	4468	0.774350
62	94	4510	0.781629
62	95	4506	0.780936
62	96	4480	0.776430
62	97	4534	0.785789
62	98	4486	0.777470
62	99	4518	0.783016
63	64	4476	0.775737
63	65	4490	0.778163
63	66	4490	0.778163
63	67	4494	0.778856
63	68	4506	0.780936
63	69	4500	0.779896
63	70	4472	0.775043
63	71	4458	0.772617
63	72	4496	0.779203
63	73	4534	0.785789
63	74	4456	0.772270
63	75	4452	0.771577
63	76	4466	0.774003
63	77	4500	0.779896
63	78	4486	0.777470
63	79	4496	0.779203
63	80	4496	0.779203
63	81	4470	0.774697
63	82	4436	0.768804
63	83	4478	0.776083
63	84	4482	0.776776
63	85	4474	0.775390
63	86	4496	0.779203
63	87	4480	0.776430
63	88	4504	0.780589
63	89	4510	0.781629
63	90	4488	0.777816
63	91	4484	0.777123
63	92	4488	0.777816
63	93	4518	0.783016
63	94	4502	0.780243
63	95	4500	0.779896
63	96	4502	0.780243
63	97	4470	0.774697
63	98	4484	0.777123
63	99	4492	0.778510
64	65	4470	0.774697
64	66	4494	0.778856
64	67	4442	0.769844
64	68	4440	0.769497
64	69	4472	0.775043
64	70	4464	0.773657
64	71	4482	0.776776
64	72	4440	0.769497
64	73	4478	0.776083
64	74	4476	0.775737
64	75	4458	0.772617
64	76	4476	0.775737
64	77	4458	0.772617
64	78	4462	0.773310
64	79	4490	0.778163
64	80	4460	0.772964
64	81	4460	0.772964
64	82	4432	0.768111
64	83	4484	0.777123
64	84	4474	0.775390
64	85	4458	0.772617
64	86	4482	0.776776
64	87	4438	0.769151
64	88	4446	0.770537
64	89	4488	0.777816
64	90	4484	0.777123
64	91	4442	0.769844
64	92	4446	0.770537
64	93	4488	0.777816
64	94	4480	0.776430
64	95	4476	0.775737
64	96	4512	0.781976
64	97	4452	0.771577
64	98	4560	0.790295
64	99	4472	0.775043
65	66	4518	0.783016
65	67	4466	0.774003
65	68	4528	0.784749
65	69	4508	0.781282
65	70	4522	0.783709
65	71	4452	0.771577
65	72	4468	0.774350
65	73	4514	0.782322
65	74	4490	0.778163
65	75	4456	0.772270
65	76	4478	0.776083
65	77	4514	0.782322
65	78	4500	0.779896
65	79	4506	0.780936
65	80	4464	0.773657
65	81	4510	0.781629
65	82	4492	0.778510
65	83	4456	0.772270
65	84	4534	0.785789
65	85	4476	0.775737
65	86	4476	0.775737
65	87	4442	0.769844
65	88	4484	0.777123
65	89	4496	0.779203
65	90	4506	0.780936
65	91	4476	0.775737
65	92	4496	0.779203
65	93	4536	0.786135
65	94	4480	0.776430
65	95	4518	0.783016
65	96	4458	0.772617
65	97	4496	0.779203
65	98	4526	0.784402
65	99	4556	0.789601
66	67	4480	0.776430
66	68	4490	0.778163
66	69	4506	0.780936
66	70	4478	0.776083
66	71	4490	0.778163
66	72	4532	0.785442
66	73	4534	0.785789
66	74	4506	0.780936
66	75	4468	0.774350
66	76	4458	0.772617
66	77	4522	0.783709
66	78	4480	0.776430
66	79	4508	0.781282
66	80	4442	0.769844
66	81	4508	0.781282
66	82	4522	0.783709
66	83	4504	0.780589
66	84	4458	0.772617
66	85	4470	0.774697
66	86	4526	0.784402
66	87	4528	0.784749
66	88	4474	0.775390
66	89	4502	0.780243
66	90	4490	0.778163
66	91	4498	0.779549
66	92	4540	0.786828
66	93	4492	0.778510
66	94	4478	0.776083
66	95	4526	0.784402
66	96	4500	0.779896
66	97	4496	0.779203
66	98	4520	0.783362
66	99	4540	0.786828
67	68	4442	0.769844
67	69	4424	0.766724
67	70	4438	0.769151
67	71	4438	0.769151
67	72	4436	0.768804
67	73	4474	0.775390
67	74	4510	0.781629
67	75	4468	0.774350
67	76	4474	0.775390
67	77	4458	0.772617
67	78	4478	0.776083
67	79	4466	0.774003
67	80	4478	0.776083
67	81	4426	0.767071
67	82	4464	0.773657
67	83	4470	0.774697
67	84	4458	0.772617
67	85	4444	0.770191
67	86	4478	0.776083
67	87	4450	0.771231
67	88	4456	0.772270
67	89	4456	0.772270
67	90	4494	0.778856
67	91	4444	0.770191
67	92	4428	0.767418
67	93	4464	0.773657
67	94	4498	0.779549
67	95	4520	0.783362
67	96	4498	0.779549
67	97	4480	0.776430
67	98	4496	0.779203
67	99	4486	0.777470
68	69	4486	0.777470
68	70	4486	0.777470
68	71	4462	0.773310
68	72	4420	0.766031
68	73	4456	0.772270
68	74	4430	0.767764
68	75	4474	0.775390
68	76	4482	0.776776
68	77	4452	0.771577
68	78	4468	0.774350
68	79	4424	0.766724
68	80	4478	0.776083
68	81	4484	0.777123
68	82	4508	0.781282
68	83	4484	0.777123
68	84	4482	0.776776
68	85	4466	0.774003
68	86	4498	0.779549
68	87	4478	0.776083
68	88	4494	0.778856
68	89	4502	0.780243
68	90	4516	0.782669
68	91	4494	0.778856
68	92	4482	0.776776
68	93	4432	0.768111
68	94	4486	0.777470
68	95	4464	0.773657
68	96	4510	0.781629
68	97	4490	0.778163
68	98	4482	0.776776
68	99	4508	0.781282
69	70	4508	0.781282
69	71	4470	0.774697
69	72	4446	0.770537
69	73	4466	0.774003
69	74	4502	0.780243
69	75	4504	0.780589
69	76	4458	0.772617
69	77	4502	0.780243
69	78	4456	0.772270
69	79	4498	0.779549
69	80	4482	0.776776
69	81	4506	0.780936
69	82	4470	0.774697
69	83	4458	0.772617
69	84	4450	0.771231
69	85	4452	0.771577
69	86	4464	0.773657
69	87	4446	0.770537
69	88	4462	0.773310
69	89	4518	0.783016
69	90	4482	0.776776
69	91	4482	0.776776
69	92	4488	0.777816
69	93	4480	0.776430
69	94	4486	0.777470
69	95	4514	0.782322
69	96	4478	0.776083
69	97	4488	0.777816
69	98	4484	0.777123
69	99	4476	0.775737
70	71	4466	0.774003
70	72	4524	0.784055
70	73	4528	0.784749
70	74	4478	0.776083
70	75	4476	0.775737
70	76	4480	0.776430
70	77	4496	0.779203
70	78	4464	0.773657
70	79	4470	0.774697
70	80	4490	0.778163
70	81	4482	0.776776
70	82	4472	0.775043
70	83	4480	0.776430
70	84	4458	0.772617
70	85	4458	0.772617
70	86	4502	0.780243
70	87	4488	0.777816
70	88	4468	0.774350
70	89	4434	0.768458
70	90	4480	0.776430
70	91	4450	0.771231
70	92	4506	0.780936
70	93	4456	0.772270
70	94	4456	0.772270
70	95	4522	0.783709
70	96	4450	0.771231
70	97	4488	0.777816
70	98	4466	0.774003
70	99	4494	0.778856
71	72	4494	0.778856
71	73	4454	0.771924
71	74	4488	0.777816
71	75	4494	0.778856
71	76	4480	0.776430
71	77	4500	0.779896
71	78	4516	0.782669
71	79	4466	0.774003
71	80	4450	0.771231
71	81	4518	0.783016
71	82	4486	0.777470
71	83	4506	0.780936
71	84	4486	0.777470
71	85	4492	0.778510
71	86	4460	0.772964
71	87	4460	0.772964
71	88	4444	0.770191
71	89	4472	0.775043
71	90	4472	0.775043
71	91	4464	0.773657
71	92	4482	0.776776
71	93	4480	0.776430
71	94	4476	0.775737
71	95	4484	0.777123
71	96	4466	0.774003
71	97	4498	0.779549
71	98	4500	0.779896
71	99	4484	0.777123
72	73	4494	0.778856
72	74	4472	0.775043
72	75	4466	0.774003
72	76	4488	0.777816
72	77	4484	0.777123
72	78	4486	0.777470
72	79	4498	0.779549
72	80	4500	0.779896
72	81	4512	0.781976
72	82	4476	0.775737
72	83	4460	0.772964
72	84	4442	0.769844
72	85	4514	0.782322
72	86	4482	0.776776
72	87	4440	0.769497
72	88	4480	0.776430
72	89	4512	0.781976
72	90	4530	0.785095
72	91	4442	0.769844
72	92	4460	0.772964
72	93	4474	0.775390
72	94	4498	0.779549
72	95	4494	0.778856
72	96	4492	0.778510
72	97	4512	0.781976
72	98	4504	0.780589
72	99	4542	0.787175
73	74	4476	0.775737
73	75	4494	0.778856
73	76	4502	0.780243
73	77	4458	0.772617
73	78	4502	0.780243
73	79	4452	0.771577
73	80	4488	0.777816
73	81	4498	0.779549
73	82	4464	0.773657
73	83	4472	0.775043
73	84	4472	0.775043
73	85	4508	0.781282
73	86	4466	0.774003
73	87	4470	0.774697
73	88	4498	0.779549
73	89	4470	0.774697
73	90	4502	0.780243
73	91	4494	0.778856
73	92	4506	0.780936
73	93	4518	0.783016
73	94	4482	0.776776
73	95	4494	0.778856
73	96	4474	0.775390
73	97	4524	0.784055
73	98	4512	0.781976
73	99	4544	0.787522
74	75	4484	0.777123
74	76	4472	0.775043
74	77	4520	0.783362
74	78	4466	0.774003
74	79	4510	0.781629
74	80	4504	0.780589
74	81	4448	0.770884
74	82	4516	0.782669
74	83	4470	0.774697
74	84	4474	0.775390
74	85	4490	0.778163
74	86	4478	0.776083
74	87	4508	0.781282
74	88	4474	0.775390
74	89	4530	0.785095
74	90	4476	0.775737
74	91	4496	0.779203
74	92	4460	0.772964
74	93	4452	0.771577
74	94	4456	0.772270
74	95	4520	0.783362
74	96	4494	0.778856
74	97	4478	0.776083
74	98	4532	0.785442
74	99	4542	0.787175
75	76	4470	0.774697
75	77	4422	0.766378
75	78	4472	0.775043
75	79	4458	0.772617
75	80	4492	0.778510
75	81	4464	0.773657
75	82	4462	0.773310
75	83	4488	0.777816
75	84	4480	0.776430
75	85	4486	0.777470
75	86	4474	0.775390
75	87	4444	0.770191
75	88	4494	0.778856
75	89	4462	0.773310
75	90	4474	0.775390
75	91	4496	0.779203
75	92	4524	0.784055
75	93	4452	0.771577
75	94	4480	0.776430
75	95	4530	0.785095
75	96	4490	0.778163
75	97	4474	0.775390
75	98	4478	0.776083
75	99	4494	0.778856
76	77	4472	0.775043
76	78	4434	0.768458
76	79	4510	0.781629
76	80	4474	0.775390
76	81	4492	0.778510
76	82	4426	0.767071
76	83	4458	0.772617
76	84	4490	0.778163
76	85	4474	0.775390
76	86	4452	0.771577
76	87	4508	0.781282
76	88	4512	0.781976
76	89	4540	0.786828
76	90	4496	0.779203
76	91	4478	0.776083
76	92	4482	0.776776
76	93	4498	0.779549
76	94	4480	0.776430
76	95	4490	0.778163
76	96	4480	0.776430
76	97	4500	0.779896
76	98	4460	0.772964
76	99	4496	0.779203
77	78	4458	0.772617
77	79	4504	0.780589
77	80	4530	0.785095
77	81	4514	0.782322
77	82	4486	0.777470
77	83	4466	0.774003
77	84	4478	0.776083
77	85	4458	0.772617
77	86	4496	0.779203
77	87	4494	0.778856
77	88	4484	0.777123
77	89	4530	0.785095
77	90	4484	0.777123
77	91	4488	0.777816
77	92	4492	0.778510
77	93	4506	0.780936
77	94	4478	0.776083
77	95	4528	0.784749
77	96	4516	0.782669
77	97	4500	0.779896
77	98	4496	0.779203
77	99	4522	0.783709
78	79	4478	0.776083
78	80	4500	0.779896
78	81	4476	0.775737
78	82	4490	0.778163
78	83	4482	0.776776
78	84	4458	0.772617
78	85	4440	0.769497
78	86	4460	0.772964
78	87	4502	0.780243
78	88	4490	0.778163
78	89	4468	0.774350
78	90	4488	0.777816
78	91	4462	0.773310
78	92	4476	0.775737
78	93	4490	0.778163
78	94	4478	0.776083
78	95	4514	0.782322
78	96	4540	0.786828
78	97	4476	0.775737
78	98	4496	0.779203
78	99	4458	0.772617
79	80	4458	0.772617
79	81	4488	0.777816
79	82	4490	0.778163
79	83	4462	0.773310
79	84	4506	0.780936
79	85	4496	0.779203
79	86	4476	0.775737
79	87	4484	0.777123
79	88	4492	0.778510
79	89	4450	0.771231
79	90	4520	0.783362
79	91	4486	0.777470
79	92	4500	0.779896
79	93	4452	0.771577
79	94	4496	0.779203
79	95	4498	0.779549
79	96	4466	0.774003
79	97	4442	0.769844
79	98	4478	0.776083
79	99	4518	0.783016
80	81	4490	0.778163
80	82	4462	0.773310
80	83	4506	0.780936
80	84	4534	0.785789
80	85	4480	0.776430
80	86	4482	0.776776
80	87	4482	0.776776
80	88	4508	0.781282
80	89	4474	0.775390
80	90	4484	0.777123
80	91	4498	0.779549
80	92	4478	0.776083
80	93	4494	0.778856
80	94	4494	0.778856
80	95	4518	0.783016
80	96	4500	0.779896
80	97	4498	0.779549
80	98	4508	0.781282
80	99	4502	0.780243
81	82	4518	0.783016
81	83	4508	0.781282
81	84	4488	0.777816
81	85	4468	0.774350
81	86	4486	0.777470
81	87	4510	0.781629
81	88	4512	0.781976
81	89	4494	0.778856
81	90	4514	0.782322
81	91	4480	0.776430
81	92	4484	0.777123
81	93	4504	0.780589
81	94	4478	0.776083
81	95	4482	0.776776
81	96	4504	0.780589
81	97	4508	0.781282
81	98	4498	0.779549
81	99	4524	0.784055
82	83	4500	0.779896
82	84	4484	0.777123
82	85	4456	0.772270
82	86	4496	0.779203
82	87	4468	0.774350
82	88	4460	0.772964
82	89	4440	0.769497
82	90	4504	0.780589
82	91	4512	0.781976
82	92	4522	0.783709
82	93	4496	0.779203
82	94	4498	0.779549
82	95	4482	0.776776
82	96	4510	0.781629
82	97	4514	0.782322
82	98	4486	0.777470
82	99	4510	0.781629
83	84	4474	0.775390
83	85	4500	0.779896
83	86	4482	0.776776
83	87	4470	0.774697
83	88	4464	0.773657
83	89	4510	0.781629
83	90	4464	0.773657
83	91	4472	0.775043
83	92	4478	0.776083
83	93	4444	0.770191
83	94	4508	0.781282
83	95	4502	0.780243
83	96	4494	0.778856
83	97	4480	0.776430
83	98	4542	0.787175
83	99	4522	0.783709
84	85	4474	0.775390
84	86	4542	0.787175
84	87	4500	0.779896
84	88	4484	0.777123
84	89	4494	0.778856
84	90	4526	0.784402
84	91	4492	0.778510
84	92	4476	0.775737
84	93	4478	0.776083
84	94	4490	0.778163
84	95	4562	0.790641
84	96	4496	0.779203
84	97	4542	0.787175
84	98	4502	0.780243
84	99	4486	0.777470
85	86	4508	0.781282
85	87	4476	0.775737
85	88	4456	0.772270
85	89	4516	0.782669
85	90	4486	0.777470
85	91	4536	0.786135
85	92	4454	0.771924
85	93	4494	0.778856
85	94	4484	0.777123
85	95	4532	0.785442
85	96	4484	0.777123
85	97	4484	0.777123
85	98	4510	0.781629
85	99	4516	0.782669
86	87	4482	0.776776
86	88	4490	0.778163
86	89	4490	0.778163
86	90	4490	0.778163
86	91	4438	0.769151
86	92	4494	0.778856
86	93	4486	0.777470
86	94	4470	0.774697
86	95	4466	0.774003
86	96	4500	0.779896
86	97	4482	0.776776
86	98	4524	0.784055
86	99	4502	0.780243
87	88	4434	0.768458
87	89	4500	0.779896
87	90	4510	0.781629
87	91	4488	0.777816
87	92	4462	0.773310
87	93	4500	0.779896
87	94	4520	0.783362
87	95	4542	0.787175
87	96	4482	0.776776
87	97	4506	0.780936
87	98	4526	0.784402
87	99	4494	0.778856
88	89	4460	0.772964
88	90	4488	0.777816
88	91	4462	0.773310
88	92	4482	0.776776
88	93	4476	0.775737
88	94	4504	0.780589
88	95	4478	0.776083
88	96	4522	0.783709
88	97	4504	0.780589
88	98	4504	0.780589
88	99	4486	0.777470
89	90	4502	0.780243
89	91	4514	0.782322
89	92	4510	0.781629
89	93	4478	0.776083
89	94	4520	0.783362
89	95	4534	0.785789
89	96	4488	0.777816
89	97	4502	0.780243
89	98	4484	0.777123
89	99	4502	0.780243
90	91	4484	0.777123
90	92	4528	0.784749
90	93	4496	0.779203
90	94	4494	0.778856
90	95	4522	0.783709
90	96	4508	0.781282
90	97	4504	0.780589
90	98	4490	0.778163
90	99	4504	0.780589
91	92	4474	0.775390
91	93	4514	0.782322
91	94	4466	0.774003
91	95	4516	0.782669
91	96	4486	0.777470
91	97	4476	0.775737
91	98	4502	0.780243
91	99	4514	0.782322
92	93	4530	0.785095
92	94	4528	0.784749
92	95	4530	0.785095
92	96	4518	0.783016
92	97	4522	0.783709
92	98	4526	0.784402
92	99	4524	0.784055
93	94	4448	0.770884
93	95	4526	0.784402
93	96	4490	0.778163
93	97	4494	0.778856
93	98	4482	0.776776
93	99	4486	0.777470
94	95	4520	0.783362
94	96	4456	0.772270
94	97	4476	0.775737
94	98	4460	0.772964
94	99	4510	0.781629
95	96	4512	0.781976
95	97	4492	0.778510
95	98	4488	0.777816
95	99	4462	0.773310
96	97	4490	0.778163
96	98	4508	0.781282
96	99	4536	0.786135
97	98	4518	0.783016
97	99	4516	0.782669
98	99	4530	0.785095
