0	1	7646	0.785656
0	2	7668	0.787916
0	3	7612	0.782162
0	4	7650	0.786067
0	5	7602	0.781134
0	6	7598	0.780723
0	7	7624	0.783395
0	8	7616	0.782573
0	9	7642	0.785245
0	10	7604	0.781340
0	11	7584	0.779285
0	12	7620	0.782984
0	13	7564	0.777230
0	14	7604	0.781340
0	15	7600	0.780929
0	16	7656	0.786683
0	17	7552	0.775997
0	18	7608	0.781751
0	19	7572	0.778052
0	20	7594	0.780312
0	21	7622	0.783189
0	22	7620	0.782984
0	23	7588	0.779696
0	24	7606	0.781545
0	25	7644	0.785450
0	26	7564	0.777230
0	27	7666	0.787711
0	28	7656	0.786683
0	29	7636	0.784628
0	30	7578	0.778668
0	31	7616	0.782573
0	32	7620	0.782984
0	33	7602	0.781134
0	34	7632	0.784217
0	35	7622	0.783189
0	36	7636	0.784628
0	37	7620	0.782984
0	38	7620	0.782984
0	39	7622	0.783189
0	40	7594	0.780312
0	41	7682	0.789355
0	42	7574	0.778257
0	43	7618	0.782778
0	44	7632	0.784217
0	45	7640	0.785039
0	46	7596	0.780518
0	47	7638	0.784834
0	48	7626	0.783600
0	49	7560	0.776819
0	50	7622	0.783189
0	51	7606	0.781545
0	52	7630	0.784012
0	53	7676	0.788738
0	54	7650	0.786067
0	55	7626	0.783600
0	56	7630	0.784012
0	57	7608	0.781751
0	58	7602	0.781134
0	59	7596	0.780518
0	60	7650	0.786067
0	61	7632	0.784217
0	62	7596	0.780518
0	63	7644	0.785450
0	64	7596	0.780518
0	65	7632	0.784217
0	66	7608	0.781751
0	67	7578	0.778668
0	68	7668	0.787916
0	69	7622	0.783189
0	70	7600	0.780929
0	71	7604	0.781340
0	72	7618	0.782778
0	73	7662	0.787300
0	74	7660	0.787094
0	75	7582	0.779079
0	76	7654	0.786478
0	77	7624	0.783395
0	78	7630	0.784012
0	79	7620	0.782984
0	80	7644	0.785450
0	81	7648	0.785861
0	82	7610	0.781956
0	83	7596	0.780518
0	84	7672	0.788327
0	85	7626	0.783600
0	86	7636	0.784628
0	87	7630	0.784012
0	88	7618	0.782778
0	89	7628	0.783806
0	90	7600	0.780929
0	91	7632	0.784217
0	92	7580	0.778874
0	93	7604	0.781340
0	94	7642	0.785245
0	95	7650	0.786067
0	96	7606	0.781545
0	97	7684	0.789560
0	98	7634	0.784423
0	99	7572	0.778052
1	2	7654	0.786478
1	3	7588	0.779696
1	4	7582	0.779079
1	5	7600	0.780929
1	6	7608	0.781751
1	7	7636	0.784628
1	8	7630	0.784012
1	9	7602	0.781134
1	10	7554	0.776202
1	11	7604	0.781340
1	12	7614	0.782367
1	13	7622	0.783189
1	14	7538	0.774558
1	15	7660	0.787094
1	16	7588	0.779696
1	17	7626	0.783600
1	18	7636	0.784628
1	19	7654	0.786478
1	20	7578	0.778668
1	21	7636	0.784628
1	22	7646	0.785656
1	23	7578	0.778668
1	24	7612	0.782162
1	25	7648	0.785861
1	26	7614	0.782367
1	27	7632	0.784217
1	28	7618	0.782778
1	29	7608	0.781751
1	30	7566	0.777435
1	31	7618	0.782778
1	32	7596	0.780518
1	33	7642	0.785245
1	34	7630	0.784012
1	35	7614	0.782367
1	36	7674	0.788533
1	37	7630	0.784012
1	38	7600	0.780929
1	39	7624	0.783395
1	40	7592	0.780107
1	41	7678	0.788944
1	42	7626	0.783600
1	43	7586	0.779490
1	44	7638	0.784834
1	45	7666	0.787711
1	46	7630	0.784012
1	47	7582	0.779079
1	48	7646	0.785656
1	49	7602	0.781134
1	50	7578	0.778668
1	51	7594	0.780312
1	52	7678	0.788944
1	53	7638	0.784834
1	54	7600	0.780929
1	55	7562	0.777024
1	56	7584	0.779285
1	57	7604	0.781340
1	58	7638	0.784834
1	59	7630	0.784012
1	60	7648	0.785861
1	61	7564	0.777230
1	62	7606	0.781545
1	63	7598	0.780723
1	64	7632	0.784217
1	65	7588	0.779696
1	66	7642	0.785245
1	67	7580	0.778874
1	68	7648	0.785861
1	69	7696	0.790793
1	70	7628	0.783806
1	71	7664	0.787505
1	72	7670	0.788122
1	73	7572	0.778052
1	74	7640	0.785039
1	75	7616	0.782573
1	76	7714	0.792643
1	77	7602	0.781134
1	78	7678	0.788944
1	79	7580	0.778874
1	80	7564	0.777230
1	81	7650	0.786067
1	82	7650	0.786067
1	83	7612	0.782162
1	84	7658	0.786889
1	85	7636	0.784628
1	86	7676	0.788738
1	87	7656	0.786683
1	88	7640	0.785039
1	89	7646	0.785656
1	90	7648	0.785861
1	91	7588	0.779696
1	92	7574	0.778257
1	93	7576	0.778463
1	94	7636	0.784628
1	95	7622	0.783189
1	96	7666	0.787711
1	97	7678	0.788944
1	98	7636	0.784628
1	99	7584	0.779285
2	3	7644	0.785450
2	4	7654	0.786478
2	5	7624	0.783395
2	6	7634	0.784423
2	7	7628	0.783806
2	8	7662	0.787300
2	9	7640	0.785039
2	10	7624	0.783395
2	11	7600	0.780929
2	12	7614	0.782367
2	13	7662	0.787300
2	14	7640	0.785039
2	15	7604	0.781340
2	16	7660	0.787094
2	17	7584	0.779285
2	18	7640	0.785039
2	19	7606	0.781545
2	20	7650	0.786067
2	21	7606	0.781545
2	22	7688	0.789971
2	23	7584	0.779285
2	24	7628	0.783806
2	25	7622	0.783189
2	26	7646	0.785656
2	27	7660	0.787094
2	28	7636	0.784628
2	29	7642	0.785245
2	30	7654	0.786478
2	31	7610	0.781956
2	32	7632	0.784217
2	33	7626	0.783600
2	34	7678	0.788944
2	35	7674	0.788533
2	36	7632	0.784217
2	37	7634	0.784423
2	38	7668	0.787916
2	39	7622	0.783189
2	40	7614	0.782367
2	41	7594	0.780312
2	42	7632	0.784217
2	43	7648	0.785861
2	44	7622	0.783189
2	45	7614	0.782367
2	46	7632	0.784217
2	47	7636	0.784628
2	48	7676	0.788738
2	49	7614	0.782367
2	50	7636	0.784628
2	51	7626	0.783600
2	52	7662	0.787300
2	53	7632	0.784217
2	54	7626	0.783600
2	55	7658	0.786889
2	56	7662	0.787300
2	57	7702	0.791410
2	58	7656	0.786683
2	59	7652	0.786272
2	60	7640	0.785039
2	61	7638	0.784834
2	62	7632	0.784217
2	63	7632	0.784217
2	64	7646	0.785656
2	65	7640	0.785039
2	66	7600	0.780929
2	67	7636	0.784628
2	68	7662	0.787300
2	69	7638	0.784834
2	70	7632	0.784217
2	71	7670	0.788122
2	72	7636	0.784628
2	73	7630	0.784012
2	74	7662	0.787300
2	75	7650	0.786067
2	76	7624	0.783395
2	77	7676	0.788738
2	78	7648	0.785861
2	79	7642	0.785245
2	80	7608	0.781751
2	81	7692	0.790382
2	82	7678	0.788944
2	83	7674	0.788533
2	84	7680	0.789149
2	85	7650	0.786067
2	86	7662	0.787300
2	87	7662	0.787300
2	88	7654	0.786478
2	89	7640	0.785039
2	90	7642	0.785245
2	91	7626	0.783600
2	92	7662	0.787300
2	93	7654	0.786478
2	94	7678	0.788944
2	95	7602	0.781134
2	96	7650	0.786067
2	97	7654	0.786478
2	98	7608	0.781751
2	99	7618	0.782778
3	4	7578	0.778668
3	5	7610	0.781956
3	6	7564	0.777230
3	7	7592	0.780107
3	8	7598	0.780723
3	9	7576	0.778463
3	10	7638	0.784834
3	11	7646	0.785656
3	12	7664	0.787505
3	13	7572	0.778052
3	14	7610	0.781956
3	15	7642	0.785245
3	16	7588	0.779696
3	17	7634	0.784423
3	18	7622	0.783189
3	19	7582	0.779079
3	20	7634	0.784423
3	21	7618	0.782778
3	22	7614	0.782367
3	23	7610	0.781956
3	24	7590	0.779901
3	25	7624	0.783395
3	26	7596	0.780518
3	27	7596	0.780518
3	28	7576	0.778463
3	29	7614	0.782367
3	30	7586	0.779490
3	31	7628	0.783806
3	32	7612	0.782162
3	33	7576	0.778463
3	34	7652	0.786272
3	35	7632	0.784217
3	36	7634	0.784423
3	37	7606	0.781545
3	38	7636	0.784628
3	39	7610	0.781956
3	40	7640	0.785039
3	41	7598	0.780723
3	42	7602	0.781134
3	43	7592	0.780107
3	44	7650	0.786067
3	45	7640	0.785039
3	46	7628	0.783806
3	47	7584	0.779285
3	48	7648	0.785861
3	49	7644	0.785450
3	50	7620	0.782984
3	51	7630	0.784012
3	52	7626	0.783600
3	53	7590	0.779901
3	54	7600	0.780929
3	55	7582	0.779079
3	56	7592	0.780107
3	57	7592	0.780107
3	58	7598	0.780723
3	59	7570	0.777846
3	60	7650	0.786067
3	61	7584	0.779285
3	62	7636	0.784628
3	63	7602	0.781134
3	64	7588	0.779696
3	65	7596	0.780518
3	66	7580	0.778874
3	67	7628	0.783806
3	68	7584	0.779285
3	69	7608	0.781751
3	70	7676	0.788738
3	71	7604	0.781340
3	72	7604	0.781340
3	73	7622	0.783189
3	74	7534	0.774147
3	75	7600	0.780929
3	76	7614	0.782367
3	77	7596	0.780518
3	78	7646	0.785656
3	79	7640	0.785039
3	80	7598	0.780723
3	81	7640	0.785039
3	82	7576	0.778463
3	83	7626	0.783600
3	84	7610	0.781956
3	85	7614	0.782367
3	86	7600	0.780929
3	87	7636	0.784628
3	88	7622	0.783189
3	89	7614	0.782367
3	90	7630	0.784012
3	91	7594	0.780312
3	92	7630	0.784012
3	93	7606	0.781545
3	94	7628	0.783806
3	95	7646	0.785656
3	96	7632	0.784217
3	97	7638	0.784834
3	98	7604	0.781340
3	99	7576	0.778463
4	5	7630	0.784012
4	6	7660	0.787094
4	7	7592	0.780107
4	8	7582	0.779079
4	9	7556	0.776408
4	10	7622	0.783189
4	11	7586	0.779490
4	12	7588	0.779696
4	13	7600	0.780929
4	14	7546	0.775380
4	15	7666	0.787711
4	16	7652	0.786272
4	17	7634	0.784423
4	18	7644	0.785450
4	19	7624	0.783395
4	20	7626	0.783600
4	21	7568	0.777641
4	22	7612	0.782162
4	23	7610	0.781956
4	24	7632	0.784217
4	25	7628	0.783806
4	26	7638	0.784834
4	27	7648	0.785861
4	28	7570	0.777846
4	29	7548	0.775586
4	30	7656	0.786683
4	31	7646	0.785656
4	32	7600	0.780929
4	33	7604	0.781340
4	34	7594	0.780312
4	35	7642	0.785245
4	36	7590	0.779901
4	37	7632	0.784217
4	38	7598	0.780723
4	39	7622	0.783189
4	40	7646	0.785656
4	41	7668	0.787916
4	42	7618	0.782778
4	43	7618	0.782778
4	44	7620	0.782984
4	45	7634	0.784423
4	46	7606	0.781545
4	47	7580	0.778874
4	48	7598	0.780723
4	49	7618	0.782778
4	50	7652	0.786272
4	51	7628	0.783806
4	52	7600	0.780929
4	53	7620	0.782984
4	54	7636	0.784628
4	55	7598	0.780723
4	56	7606	0.781545
4	57	7590	0.779901
4	58	7594	0.780312
4	59	7654	0.786478
4	60	7682	0.789355
4	61	7622	0.783189
4	62	7606	0.781545
4	63	7612	0.782162
4	64	7630	0.784012
4	65	7656	0.786683
4	66	7622	0.783189
4	67	7600	0.780929
4	68	7636	0.784628
4	69	7618	0.782778
4	70	7654	0.786478
4	71	7646	0.785656
4	72	7646	0.785656
4	73	7594	0.780312
4	74	7588	0.779696
4	75	7620	0.782984
4	76	7606	0.781545
4	77	7652	0.786272
4	78	7634	0.784423
4	79	7662	0.787300
4	80	7634	0.784423
4	81	7596	0.780518
4	82	7622	0.783189
4	83	7580	0.778874
4	84	7684	0.789560
4	85	7664	0.787505
4	86	7626	0.783600
4	87	7656	0.786683
4	88	7636	0.784628
4	89	7674	0.788533
4	90	7652	0.786272
4	91	7592	0.780107
4	92	7586	0.779490
4	93	7584	0.779285
4	94	7634	0.784423
4	95	7586	0.779490
4	96	7648	0.785861
4	97	7582	0.779079
4	98	7580	0.778874
4	99	7608	0.781751
5	6	7606	0.781545
5	7	7552	0.775997
5	8	7626	0.783600
5	9	7606	0.781545
5	10	7634	0.784423
5	11	7590	0.779901
5	12	7620	0.782984
5	13	7616	0.782573
5	14	7544	0.775175
5	15	7592	0.780107
5	16	7600	0.780929
5	17	7594	0.780312
5	18	7620	0.782984
5	19	7596	0.780518
5	20	7572	0.778052
5	21	7550	0.775791
5	22	7646	0.785656
5	23	7618	0.782778
5	24	7554	0.776202
5	25	7588	0.779696
5	26	7604	0.781340
5	27	7650	0.786067
5	28	7622	0.783189
5	29	7606	0.781545
5	30	7636	0.784628
5	31	7572	0.778052
5	32	7624	0.783395
5	33	7560	0.776819
5	34	7580	0.778874
5	35	7574	0.778257
5	36	7602	0.781134
5	37	7624	0.783395
5	38	7596	0.780518
5	39	7598	0.780723
5	40	7634	0.784423
5	41	7636	0.784628
5	42	7568	0.777641
5	43	7612	0.782162
5	44	7592	0.780107
5	45	7610	0.781956
5	46	7588	0.779696
5	47	7614	0.782367
5	48	7630	0.784012
5	49	7618	0.782778
5	50	7594	0.780312
5	51	7592	0.780107
5	52	7644	0.785450
5	53	7608	0.781751
5	54	7608	0.781751
5	55	7596	0.780518
5	56	7586	0.779490
5	57	7590	0.779901
5	58	7604	0.781340
5	59	7612	0.782162
5	60	7638	0.784834
5	61	7572	0.778052
5	62	7608	0.781751
5	63	7570	0.777846
5	64	7546	0.775380
5	65	7602	0.781134
5	66	7550	0.775791
5	67	7612	0.782162
5	68	7542	0.774969
5	69	7606	0.781545
5	70	7674	0.788533
5	71	7638	0.784834
5	72	7624	0.783395
5	73	7618	0.782778
5	74	7620	0.782984
5	75	7592	0.780107
5	76	7654	0.786478
5	77	7562	0.777024
5	78	7592	0.780107
5	79	7628	0.783806
5	80	7594	0.780312
5	81	7688	0.789971
5	82	7596	0.780518
5	83	7612	0.782162
5	84	7668	0.787916
5	85	7624	0.783395
5	86	7606	0.781545
5	87	7618	0.782778
5	88	7656	0.786683
5	89	7636	0.784628
5	90	7580	0.778874
5	91	7604	0.781340
5	92	7596	0.780518
5	93	7612	0.782162
5	94	7606	0.781545
5	95	7610	0.781956
5	96	7584	0.779285
5	97	7608	0.781751
5	98	7616	0.782573
5	99	7552	0.775997
6	7	7632	0.784217
6	8	7634	0.784423
6	9	7602	0.781134
6	10	7602	0.781134
6	11	7592	0.780107
6	12	7606	0.781545
6	13	7684	0.789560
6	14	7608	0.781751
6	15	7642	0.785245
6	16	7594	0.780312
6	17	7586	0.779490
6	18	7618	0.782778
6	19	7600	0.780929
6	20	7590	0.779901
6	21	7588	0.779696
6	22	7644	0.785450
6	23	7572	0.778052
6	24	7618	0.782778
6	25	7542	0.774969
6	26	7584	0.779285
6	27	7614	0.782367
6	28	7628	0.783806
6	29	7608	0.781751
6	30	7602	0.781134
6	31	7590	0.779901
6	32	7634	0.784423
6	33	7592	0.780107
6	34	7598	0.780723
6	35	7606	0.781545
6	36	7616	0.782573
6	37	7644	0.785450
6	38	7642	0.785245
6	39	7626	0.783600
6	40	7618	0.782778
6	41	7614	0.782367
6	42	7572	0.778052
6	43	7658	0.786889
6	44	7590	0.779901
6	45	7626	0.783600
6	46	7606	0.781545
6	47	7574	0.778257
6	48	7632	0.784217
6	49	7622	0.783189
6	50	7564	0.777230
6	51	7624	0.783395
6	52	7646	0.785656
6	53	7622	0.783189
6	54	7588	0.779696
6	55	7592	0.780107
6	56	7598	0.780723
6	57	7584	0.779285
6	58	7598	0.780723
6	59	7642	0.785245
6	60	7640	0.785039
6	61	7584	0.779285
6	62	7624	0.783395
6	63	7592	0.780107
6	64	7602	0.781134
6	65	7574	0.778257
6	66	7598	0.780723
6	67	7594	0.780312
6	68	7650	0.786067
6	69	7630	0.784012
6	70	7708	0.792026
6	71	7636	0.784628
6	72	7590	0.779901
6	73	7578	0.778668
6	74	7624	0.783395
6	75	7588	0.779696
6	76	7668	0.787916
6	77	7606	0.781545
6	78	7676	0.788738
6	79	7634	0.784423
6	80	7588	0.779696
6	81	7598	0.780723
6	82	7612	0.782162
6	83	7660	0.787094
6	84	7586	0.779490
6	85	7638	0.784834
6	86	7644	0.785450
6	87	7658	0.786889
6	88	7620	0.782984
6	89	7636	0.784628
6	90	7604	0.781340
6	91	7594	0.780312
6	92	7600	0.780929
6	93	7600	0.780929
6	94	7602	0.781134
6	95	7624	0.783395
6	96	7584	0.779285
6	97	7572	0.778052
6	98	7620	0.782984
6	99	7620	0.782984
7	8	7512	0.771887
7	9	7614	0.782367
7	10	7560	0.776819
7	11	7612	0.782162
7	12	7582	0.779079
7	13	7566	0.777435
7	14	7574	0.778257
7	15	7668	0.787916
7	16	7560	0.776819
7	17	7602	0.781134
7	18	7624	0.783395
7	19	7586	0.779490
7	20	7604	0.781340
7	21	7594	0.780312
7	22	7630	0.784012
7	23	7566	0.777435
7	24	7528	0.773531
7	25	7578	0.778668
7	26	7626	0.783600
7	27	7604	0.781340
7	28	7606	0.781545
7	29	7656	0.786683
7	30	7614	0.782367
7	31	7612	0.782162
7	32	7570	0.777846
7	33	7584	0.779285
7	34	7612	0.782162
7	35	7672	0.788327
7	36	7576	0.778463
7	37	7624	0.783395
7	38	7610	0.781956
7	39	7588	0.779696
7	40	7580	0.778874
7	41	7614	0.782367
7	42	7596	0.780518
7	43	7658	0.786889
7	44	7586	0.779490
7	45	7608	0.781751
7	46	7616	0.782573
7	47	7596	0.780518
7	48	7630	0.784012
7	49	7588	0.779696
7	50	7618	0.782778
7	51	7562	0.777024
7	52	7618	0.782778
7	53	7608	0.781751
7	54	7620	0.782984
7	55	7606	0.781545
7	56	7630	0.784012
7	57	7562	0.777024
7	58	7558	0.776613
7	59	7632	0.784217
7	60	7606	0.781545
7	61	7548	0.775586
7	62	7636	0.784628
7	63	7572	0.778052
7	64	7556	0.776408
7	65	7598	0.780723
7	66	7608	0.781751
7	67	7570	0.777846
7	68	7616	0.782573
7	69	7632	0.784217
7	70	7646	0.785656
7	71	7640	0.785039
7	72	7604	0.781340
7	73	7568	0.777641
7	74	7570	0.777846
7	75	7636	0.784628
7	76	7602	0.781134
7	77	7622	0.783189
7	78	7644	0.785450
7	79	7602	0.781134
7	80	7638	0.784834
7	81	7622	0.783189
7	82	7622	0.783189
7	83	7596	0.780518
7	84	7658	0.786889
7	85	7590	0.779901
7	86	7672	0.788327
7	87	7648	0.785861
7	88	7588	0.779696
7	89	7624	0.783395
7	90	7606	0.781545
7	91	7630	0.784012
7	92	7576	0.778463
7	93	7590	0.779901
7	94	7560	0.776819
7	95	7622	0.783189
7	96	7594	0.780312
7	97	7594	0.780312
7	98	7602	0.781134
7	99	7592	0.780107
8	9	7610	0.781956
8	10	7614	0.782367
8	11	7616	0.782573
8	12	7618	0.782778
8	13	7610	0.781956
8	14	7634	0.784423
8	15	7596	0.780518
8	16	7602	0.781134
8	17	7630	0.784012
8	18	7616	0.782573
8	19	7642	0.785245
8	20	7636	0.784628
8	21	7574	0.778257
8	22	7536	0.774353
8	23	7600	0.780929
8	24	7584	0.779285
8	25	7618	0.782778
8	26	7664	0.787505
8	27	7648	0.785861
8	28	7624	0.783395
8	29	7618	0.782778
8	30	7642	0.785245
8	31	7616	0.782573
8	32	7612	0.782162
8	33	7636	0.784628
8	34	7642	0.785245
8	35	7698	0.790999
8	36	7636	0.784628
8	37	7596	0.780518
8	38	7586	0.779490
8	39	7632	0.784217
8	40	7616	0.782573
8	41	7630	0.784012
8	42	7626	0.783600
8	43	7658	0.786889
8	44	7604	0.781340
8	45	7632	0.784217
8	46	7622	0.783189
8	47	7624	0.783395
8	48	7546	0.775380
8	49	7618	0.782778
8	50	7618	0.782778
8	51	7628	0.783806
8	52	7622	0.783189
8	53	7654	0.786478
8	54	7594	0.780312
8	55	7604	0.781340
8	56	7632	0.784217
8	57	7584	0.779285
8	58	7610	0.781956
8	59	7666	0.787711
8	60	7614	0.782367
8	61	7648	0.785861
8	62	7586	0.779490
8	63	7626	0.783600
8	64	7560	0.776819
8	65	7630	0.784012
8	66	7628	0.783806
8	67	7648	0.785861
8	68	7580	0.778874
8	69	7680	0.789149
8	70	7626	0.783600
8	71	7616	0.782573
8	72	7596	0.780518
8	73	7610	0.781956
8	74	7652	0.786272
8	75	7596	0.780518
8	76	7656	0.786683
8	77	7584	0.779285
8	78	7642	0.785245
8	79	7596	0.780518
8	80	7586	0.779490
8	81	7642	0.785245
8	82	7638	0.784834
8	83	7616	0.782573
8	84	7666	0.787711
8	85	7618	0.782778
8	86	7632	0.784217
8	87	7618	0.782778
8	88	7656	0.786683
8	89	7652	0.786272
8	90	7648	0.785861
8	91	7660	0.787094
8	92	7586	0.779490
8	93	7630	0.784012
8	94	7650	0.786067
8	95	7582	0.779079
8	96	7638	0.784834
8	97	7584	0.779285
8	98	7588	0.779696
8	99	7582	0.779079
9	10	7600	0.780929
9	11	7614	0.782367
9	12	7646	0.785656
9	13	7620	0.782984
9	14	7594	0.780312
9	15	7610	0.781956
9	16	7602	0.781134
9	17	7638	0.784834
9	18	7634	0.784423
9	19	7590	0.779901
9	20	7630	0.784012
9	21	7574	0.778257
9	22	7638	0.784834
9	23	7574	0.778257
9	24	7550	0.775791
9	25	7644	0.785450
9	26	7628	0.783806
9	27	7608	0.781751
9	28	7604	0.781340
9	29	7620	0.782984
9	30	7574	0.778257
9	31	7622	0.783189
9	32	7652	0.786272
9	33	7608	0.781751
9	34	7590	0.779901
9	35	7638	0.784834
9	36	7618	0.782778
9	37	7610	0.781956
9	38	7658	0.786889
9	39	7630	0.784012
9	40	7628	0.783806
9	41	7598	0.780723
9	42	7624	0.783395
9	43	7604	0.781340
9	44	7610	0.781956
9	45	7550	0.775791
9	46	7640	0.785039
9	47	7568	0.777641
9	48	7624	0.783395
9	49	7560	0.776819
9	50	7558	0.776613
9	51	7626	0.783600
9	52	7616	0.782573
9	53	7568	0.777641
9	54	7630	0.784012
9	55	7600	0.780929
9	56	7608	0.781751
9	57	7630	0.784012
9	58	7618	0.782778
9	59	7650	0.786067
9	60	7622	0.783189
9	61	7612	0.782162
9	62	7582	0.779079
9	63	7604	0.781340
9	64	7588	0.779696
9	65	7622	0.783189
9	66	7580	0.778874
9	67	7670	0.788122
9	68	7664	0.787505
9	69	7632	0.784217
9	70	7648	0.785861
9	71	7564	0.777230
9	72	7616	0.782573
9	73	7610	0.781956
9	74	7654	0.786478
9	75	7580	0.778874
9	76	7594	0.780312
9	77	7558	0.776613
9	78	7634	0.784423
9	79	7642	0.785245
9	80	7642	0.785245
9	81	7612	0.782162
9	82	7582	0.779079
9	83	7654	0.786478
9	84	7610	0.781956
9	85	7608	0.781751
9	86	7640	0.785039
9	87	7630	0.784012
9	88	7660	0.787094
9	89	7636	0.784628
9	90	7614	0.782367
9	91	7634	0.784423
9	92	7586	0.779490
9	93	7622	0.783189
9	94	7610	0.781956
9	95	7642	0.785245
9	96	7634	0.784423
9	97	7578	0.778668
9	98	7586	0.779490
9	99	7586	0.779490
10	11	7588	0.779696
10	12	7604	0.781340
10	13	7596	0.780518
10	14	7610	0.781956
10	15	7554	0.776202
10	16	7624	0.783395
10	17	7612	0.782162
10	18	7620	0.782984
10	19	7586	0.779490
10	20	7600	0.780929
10	21	7616	0.782573
10	22	7610	0.781956
10	23	7582	0.779079
10	24	7556	0.776408
10	25	7658	0.786889
10	26	7624	0.783395
10	27	7560	0.776819
10	28	7642	0.785245
10	29	7644	0.785450
10	30	7634	0.784423
10	31	7638	0.784834
10	32	7626	0.783600
10	33	7616	0.782573
10	34	7620	0.782984
10	35	7618	0.782778
10	36	7584	0.779285
10	37	7578	0.778668
10	38	7582	0.779079
10	39	7612	0.782162
10	40	7598	0.780723
10	41	7632	0.784217
10	42	7590	0.779901
10	43	7624	0.783395
10	44	7650	0.786067
10	45	7598	0.780723
10	46	7662	0.787300
10	47	7606	0.781545
10	48	7592	0.780107
10	49	7570	0.777846
10	50	7642	0.785245
10	51	7600	0.780929
10	52	7656	0.786683
10	53	7620	0.782984
10	54	7624	0.783395
10	55	7572	0.778052
10	56	7642	0.785245
10	57	7624	0.783395
10	58	7624	0.783395
10	59	7634	0.784423
10	60	7592	0.780107
10	61	7602	0.781134
10	62	7590	0.779901
10	63	7610	0.781956
10	64	7596	0.780518
10	65	7634	0.784423
10	66	7624	0.783395
10	67	7614	0.782367
10	68	7598	0.780723
10	69	7680	0.789149
10	70	7676	0.788738
10	71	7586	0.779490
10	72	7652	0.786272
10	73	7564	0.777230
10	74	7648	0.785861
10	75	7606	0.781545
10	76	7642	0.785245
10	77	7636	0.784628
10	78	7636	0.784628
10	79	7608	0.781751
10	80	7602	0.781134
10	81	7632	0.784217
10	82	7644	0.785450
10	83	7648	0.785861
10	84	7640	0.785039
10	85	7608	0.781751
10	86	7632	0.784217
10	87	7628	0.783806
10	88	7602	0.781134
10	89	7602	0.781134
10	90	7620	0.782984
10	91	7608	0.781751
10	92	7612	0.782162
10	93	7560	0.776819
10	94	7586	0.779490
10	95	7572	0.778052
10	96	7564	0.777230
10	97	7626	0.783600
10	98	7616	0.782573
10	99	7608	0.781751
11	12	7574	0.778257
11	13	7616	0.782573
11	14	7574	0.778257
11	15	7648	0.785861
11	16	7624	0.783395
11	17	7630	0.784012
11	18	7610	0.781956
11	19	7596	0.780518
11	20	7570	0.777846
11	21	7616	0.782573
11	22	7576	0.778463
11	23	7586	0.779490
11	24	7586	0.779490
11	25	7634	0.784423
11	26	7700	0.791204
11	27	7590	0.779901
11	28	7604	0.781340
11	29	7572	0.778052
11	30	7576	0.778463
11	31	7602	0.781134
11	32	7632	0.784217
11	33	7590	0.779901
11	34	7608	0.781751
11	35	7636	0.784628
11	36	7622	0.783189
11	37	7596	0.780518
11	38	7610	0.781956
11	39	7648	0.785861
11	40	7560	0.776819
11	41	7660	0.787094
11	42	7578	0.778668
11	43	7586	0.779490
11	44	7646	0.785656
11	45	7626	0.783600
11	46	7600	0.780929
11	47	7612	0.782162
11	48	7590	0.779901
11	49	7606	0.781545
11	50	7580	0.778874
11	51	7614	0.782367
11	52	7608	0.781751
11	53	7618	0.782778
11	54	7630	0.784012
11	55	7590	0.779901
11	56	7634	0.784423
11	57	7642	0.785245
11	58	7624	0.783395
11	59	7586	0.779490
11	60	7604	0.781340
11	61	7614	0.782367
11	62	7582	0.779079
11	63	7634	0.784423
11	64	7658	0.786889
11	65	7610	0.781956
11	66	7610	0.781956
11	67	7602	0.781134
11	68	7600	0.780929
11	69	7620	0.782984
11	70	7670	0.788122
11	71	7636	0.784628
11	72	7626	0.783600
11	73	7588	0.779696
11	74	7602	0.781134
11	75	7636	0.784628
11	76	7622	0.783189
11	77	7596	0.780518
11	78	7658	0.786889
11	79	7632	0.784217
11	80	7572	0.778052
11	81	7628	0.783806
11	82	7616	0.782573
11	83	7588	0.779696
11	84	7594	0.780312
11	85	7586	0.779490
11	86	7666	0.787711
11	87	7650	0.786067
11	88	7664	0.787505
11	89	7628	0.783806
11	90	7622	0.783189
11	91	7616	0.782573
11	92	7622	0.783189
11	93	7598	0.780723
11	94	7622	0.783189
11	95	7612	0.782162
11	96	7642	0.785245
11	97	7656	0.786683
11	98	7620	0.782984
11	99	7598	0.780723
12	13	7614	0.782367
12	14	7598	0.780723
12	15	7594	0.780312
12	16	7656	0.786683
12	17	7570	0.777846
12	18	7598	0.780723
12	19	7558	0.776613
12	20	7600	0.780929
12	21	7636	0.784628
12	22	7636	0.784628
12	23	7580	0.778874
12	24	7598	0.780723
12	25	7652	0.786272
12	26	7602	0.781134
12	27	7658	0.786889
12	28	7630	0.784012
12	29	7562	0.777024
12	30	7652	0.786272
12	31	7628	0.783806
12	32	7608	0.781751
12	33	7652	0.786272
12	34	7652	0.786272
12	35	7640	0.785039
12	36	7580	0.778874
12	37	7564	0.777230
12	38	7598	0.780723
12	39	7686	0.789766
12	40	7586	0.779490
12	41	7644	0.785450
12	42	7572	0.778052
12	43	7618	0.782778
12	44	7634	0.784423
12	45	7600	0.780929
12	46	7616	0.782573
12	47	7646	0.785656
12	48	7590	0.779901
12	49	7622	0.783189
12	50	7630	0.784012
12	51	7622	0.783189
12	52	7658	0.786889
12	53	7608	0.781751
12	54	7612	0.782162
12	55	7610	0.781956
12	56	7620	0.782984
12	57	7622	0.783189
12	58	7628	0.783806
12	59	7652	0.786272
12	60	7600	0.780929
12	61	7660	0.787094
12	62	7594	0.780312
12	63	7598	0.780723
12	64	7596	0.780518
12	65	7612	0.782162
12	66	7598	0.780723
12	67	7628	0.783806
12	68	7654	0.786478
12	69	7612	0.782162
12	70	7662	0.787300
12	71	7600	0.780929
12	72	7632	0.784217
12	73	7586	0.779490
12	74	7628	0.783806
12	75	7644	0.785450
12	76	7642	0.785245
12	77	7614	0.782367
12	78	7638	0.784834
12	79	7608	0.781751
12	80	7606	0.781545
12	81	7650	0.786067
12	82	7650	0.786067
12	83	7642	0.785245
12	84	7618	0.782778
12	85	7636	0.784628
12	86	7606	0.781545
12	87	7598	0.780723
12	88	7656	0.786683
12	89	7620	0.782984
12	90	7598	0.780723
12	91	7634	0.784423
12	92	7652	0.786272
12	93	7554	0.776202
12	94	7660	0.787094
12	95	7600	0.780929
12	96	7624	0.783395
12	97	7606	0.781545
12	98	7578	0.778668
12	99	7612	0.782162
13	14	7600	0.780929
13	15	7622	0.783189
13	16	7646	0.785656
13	17	7590	0.779901
13	18	7646	0.785656
13	19	7600	0.780929
13	20	7638	0.784834
13	21	7642	0.785245
13	22	7652	0.786272
13	23	7584	0.779285
13	24	7592	0.780107
13	25	7634	0.784423
13	26	7598	0.780723
13	27	7624	0.783395
13	28	7632	0.784217
13	29	7618	0.782778
13	30	7592	0.780107
13	31	7588	0.779696
13	32	7586	0.779490
13	33	7600	0.780929
13	34	7622	0.783189
13	35	7636	0.784628
13	36	7590	0.779901
13	37	7650	0.786067
13	38	7644	0.785450
13	39	7640	0.785039
13	40	7658	0.786889
13	41	7688	0.789971
13	42	7610	0.781956
13	43	7592	0.780107
13	44	7620	0.782984
13	45	7630	0.784012
13	46	7612	0.782162
13	47	7576	0.778463
13	48	7634	0.784423
13	49	7602	0.781134
13	50	7646	0.785656
13	51	7590	0.779901
13	52	7646	0.785656
13	53	7614	0.782367
13	54	7626	0.783600
13	55	7610	0.781956
13	56	7642	0.785245
13	57	7626	0.783600
13	58	7640	0.785039
13	59	7628	0.783806
13	60	7664	0.787505
13	61	7630	0.784012
13	62	7566	0.777435
13	63	7622	0.783189
13	64	7572	0.778052
13	65	7636	0.784628
13	66	7588	0.779696
13	67	7614	0.782367
13	68	7674	0.788533
13	69	7588	0.779696
13	70	7666	0.787711
13	71	7622	0.783189
13	72	7650	0.786067
13	73	7634	0.784423
13	74	7564	0.777230
13	75	7600	0.780929
13	76	7650	0.786067
13	77	7626	0.783600
13	78	7648	0.785861
13	79	7606	0.781545
13	80	7616	0.782573
13	81	7612	0.782162
13	82	7628	0.783806
13	83	7580	0.778874
13	84	7664	0.787505
13	85	7634	0.784423
13	86	7552	0.775997
13	87	7646	0.785656
13	88	7656	0.786683
13	89	7598	0.780723
13	90	7604	0.781340
13	91	7616	0.782573
13	92	7624	0.783395
13	93	7632	0.784217
13	94	7664	0.787505
13	95	7600	0.780929
13	96	7584	0.779285
13	97	7660	0.787094
13	98	7568	0.777641
13	99	7548	0.775586
14	15	7602	0.781134
14	16	7626	0.783600
14	17	7560	0.776819
14	18	7620	0.782984
14	19	7584	0.779285
14	20	7596	0.780518
14	21	7640	0.785039
14	22	7612	0.782162
14	23	7626	0.783600
14	24	7652	0.786272
14	25	7550	0.775791
14	26	7574	0.778257
14	27	7606	0.781545
14	28	7630	0.784012
14	29	7620	0.782984
14	30	7636	0.784628
14	31	7630	0.784012
14	32	7602	0.781134
14	33	7638	0.784834
14	34	7574	0.778257
14	35	7660	0.787094
14	36	7628	0.783806
14	37	7582	0.779079
14	38	7622	0.783189
14	39	7614	0.782367
14	40	7646	0.785656
14	41	7668	0.787916
14	42	7574	0.778257
14	43	7682	0.789355
14	44	7662	0.787300
14	45	7606	0.781545
14	46	7652	0.786272
14	47	7578	0.778668
14	48	7596	0.780518
14	49	7608	0.781751
14	50	7642	0.785245
14	51	7656	0.786683
14	52	7646	0.785656
14	53	7638	0.784834
14	54	7562	0.777024
14	55	7624	0.783395
14	56	7660	0.787094
14	57	7634	0.784423
14	58	7624	0.783395
14	59	7596	0.780518
14	60	7700	0.791204
14	61	7634	0.784423
14	62	7600	0.780929
14	63	7616	0.782573
14	64	7564	0.777230
14	65	7598	0.780723
14	66	7628	0.783806
14	67	7638	0.784834
14	68	7684	0.789560
14	69	7618	0.782778
14	70	7646	0.785656
14	71	7642	0.785245
14	72	7692	0.790382
14	73	7584	0.779285
14	74	7638	0.784834
14	75	7608	0.781751
14	76	7674	0.788533
14	77	7622	0.783189
14	78	7614	0.782367
14	79	7614	0.782367
14	80	7636	0.784628
14	81	7638	0.784834
14	82	7636	0.784628
14	83	7612	0.782162
14	84	7620	0.782984
14	85	7594	0.780312
14	86	7620	0.782984
14	87	7658	0.786889
14	88	7632	0.784217
14	89	7684	0.789560
14	90	7622	0.783189
14	91	7634	0.784423
14	92	7596	0.780518
14	93	7632	0.784217
14	94	7606	0.781545
14	95	7622	0.783189
14	96	7654	0.786478
14	97	7636	0.784628
14	98	7674	0.788533
14	99	7608	0.781751
15	16	7644	0.785450
15	17	7632	0.784217
15	18	7614	0.782367
15	19	7560	0.776819
15	20	7648	0.785861
15	21	7626	0.783600
15	22	7606	0.781545
15	23	7670	0.788122
15	24	7620	0.782984
15	25	7686	0.789766
15	26	7672	0.788327
15	27	7628	0.783806
15	28	7620	0.782984
15	29	7636	0.784628
15	30	7674	0.788533
15	31	7626	0.783600
15	32	7628	0.783806
15	33	7612	0.782162
15	34	7604	0.781340
15	35	7622	0.783189
15	36	7636	0.784628
15	37	7590	0.779901
15	38	7636	0.784628
15	39	7606	0.781545
15	40	7650	0.786067
15	41	7614	0.782367
15	42	7640	0.785039
15	43	7658	0.786889
15	44	7620	0.782984
15	45	7620	0.782984
15	46	7658	0.786889
15	47	7630	0.784012
15	48	7632	0.784217
15	49	7612	0.782162
15	50	7642	0.785245
15	51	7650	0.786067
15	52	7628	0.783806
15	53	7652	0.786272
15	54	7636	0.784628
15	55	7662	0.787300
15	56	7650	0.786067
15	57	7638	0.784834
15	58	7614	0.782367
15	59	7648	0.785861
15	60	7650	0.786067
15	61	7662	0.787300
15	62	7658	0.786889
15	63	7666	0.787711
15	64	7600	0.780929
15	65	7652	0.786272
15	66	7618	0.782778
15	67	7668	0.787916
15	68	7614	0.782367
15	69	7614	0.782367
15	70	7666	0.787711
15	71	7656	0.786683
15	72	7552	0.775997
15	73	7616	0.782573
15	74	7688	0.789971
15	75	7628	0.783806
15	76	7644	0.785450
15	77	7638	0.784834
15	78	7648	0.785861
15	79	7638	0.784834
15	80	7568	0.777641
15	81	7660	0.787094
15	82	7626	0.783600
15	83	7604	0.781340
15	84	7644	0.785450
15	85	7644	0.785450
15	86	7682	0.789355
15	87	7634	0.784423
15	88	7626	0.783600
15	89	7660	0.787094
15	90	7634	0.784423
15	91	7668	0.787916
15	92	7596	0.780518
15	93	7624	0.783395
15	94	7636	0.784628
15	95	7620	0.782984
15	96	7634	0.784423
15	97	7610	0.781956
15	98	7620	0.782984
15	99	7572	0.778052
16	17	7616	0.782573
16	18	7658	0.786889
16	19	7600	0.780929
16	20	7642	0.785245
16	21	7602	0.781134
16	22	7570	0.777846
16	23	7618	0.782778
16	24	7606	0.781545
16	25	7586	0.779490
16	26	7600	0.780929
16	27	7618	0.782778
16	28	7630	0.784012
16	29	7640	0.785039
16	30	7648	0.785861
16	31	7658	0.786889
16	32	7658	0.786889
16	33	7644	0.785450
16	34	7638	0.784834
16	35	7640	0.785039
16	36	7646	0.785656
16	37	7652	0.786272
16	38	7654	0.786478
16	39	7654	0.786478
16	40	7672	0.788327
16	41	7592	0.780107
16	42	7616	0.782573
16	43	7638	0.784834
16	44	7660	0.787094
16	45	7634	0.784423
16	46	7610	0.781956
16	47	7606	0.781545
16	48	7614	0.782367
16	49	7610	0.781956
16	50	7604	0.781340
16	51	7572	0.778052
16	52	7658	0.786889
16	53	7640	0.785039
16	54	7622	0.783189
16	55	7614	0.782367
16	56	7598	0.780723
16	57	7608	0.781751
16	58	7608	0.781751
16	59	7664	0.787505
16	60	7630	0.784012
16	61	7564	0.777230
16	62	7618	0.782778
16	63	7606	0.781545
16	64	7600	0.780929
16	65	7626	0.783600
16	66	7622	0.783189
16	67	7672	0.788327
16	68	7628	0.783806
16	69	7654	0.786478
16	70	7638	0.784834
16	71	7614	0.782367
16	72	7608	0.781751
16	73	7642	0.785245
16	74	7646	0.785656
16	75	7596	0.780518
16	76	7656	0.786683
16	77	7584	0.779285
16	78	7702	0.791410
16	79	7640	0.785039
16	80	7650	0.786067
16	81	7660	0.787094
16	82	7640	0.785039
16	83	7676	0.788738
16	84	7672	0.788327
16	85	7658	0.786889
16	86	7654	0.786478
16	87	7612	0.782162
16	88	7620	0.782984
16	89	7668	0.787916
16	90	7634	0.784423
16	91	7640	0.785039
16	92	7632	0.784217
16	93	7648	0.785861
16	94	7636	0.784628
16	95	7622	0.783189
16	96	7622	0.783189
16	97	7614	0.782367
16	98	7634	0.784423
16	99	7648	0.785861
17	18	7632	0.784217
17	19	7582	0.779079
17	20	7624	0.783395
17	21	7624	0.783395
17	22	7644	0.785450
17	23	7592	0.780107
17	24	7638	0.784834
17	25	7606	0.781545
17	26	7596	0.780518
17	27	7602	0.781134
17	28	7620	0.782984
17	29	7634	0.784423
17	30	7588	0.779696
17	31	7640	0.785039
17	32	7642	0.785245
17	33	7596	0.780518
17	34	7600	0.780929
17	35	7654	0.786478
17	36	7650	0.786067
17	37	7608	0.781751
17	38	7618	0.782778
17	39	7618	0.782778
17	40	7638	0.784834
17	41	7660	0.787094
17	42	7608	0.781751
17	43	7594	0.780312
17	44	7610	0.781956
17	45	7650	0.786067
17	46	7658	0.786889
17	47	7614	0.782367
17	48	7626	0.783600
17	49	7594	0.780312
17	50	7570	0.777846
17	51	7592	0.780107
17	52	7608	0.781751
17	53	7630	0.784012
17	54	7616	0.782573
17	55	7582	0.779079
17	56	7616	0.782573
17	57	7640	0.785039
17	58	7618	0.782778
17	59	7640	0.785039
17	60	7636	0.784628
17	61	7634	0.784423
17	62	7586	0.779490
17	63	7594	0.780312
17	64	7566	0.777435
17	65	7570	0.777846
17	66	7636	0.784628
17	67	7668	0.787916
17	68	7616	0.782573
17	69	7612	0.782162
17	70	7628	0.783806
17	71	7610	0.781956
17	72	7600	0.780929
17	73	7624	0.783395
17	74	7648	0.785861
17	75	7626	0.783600
17	76	7630	0.784012
17	77	7606	0.781545
17	78	7644	0.785450
17	79	7584	0.779285
17	80	7616	0.782573
17	81	7618	0.782778
17	82	7634	0.784423
17	83	7620	0.782984
17	84	7646	0.785656
17	85	7624	0.783395
17	86	7678	0.788944
17	87	7592	0.780107
17	88	7606	0.781545
17	89	7564	0.777230
17	90	7586	0.779490
17	91	7620	0.782984
17	92	7652	0.786272
17	93	7588	0.779696
17	94	7644	0.785450
17	95	7604	0.781340
17	96	7630	0.784012
17	97	7560	0.776819
17	98	7616	0.782573
17	99	7558	0.776613
18	19	7618	0.782778
18	20	7568	0.777641
18	21	7598	0.780723
18	22	7614	0.782367
18	23	7588	0.779696
18	24	7596	0.780518
18	25	7624	0.783395
18	26	7604	0.781340
18	27	7614	0.782367
18	28	7644	0.785450
18	29	7646	0.785656
18	30	7652	0.786272
18	31	7638	0.784834
18	32	7610	0.781956
18	33	7610	0.781956
18	34	7652	0.786272
18	35	7668	0.787916
18	36	7626	0.783600
18	37	7636	0.784628
18	38	7576	0.778463
18	39	7566	0.777435
18	40	7620	0.782984
18	41	7672	0.788327
18	42	7632	0.784217
18	43	7672	0.788327
18	44	7648	0.785861
18	45	7636	0.784628
18	46	7660	0.787094
18	47	7614	0.782367
18	48	7644	0.785450
18	49	7634	0.784423
18	50	7590	0.779901
18	51	7634	0.784423
18	52	7604	0.781340
18	53	7584	0.779285
18	54	7622	0.783189
18	55	7660	0.787094
18	56	7604	0.781340
18	57	7656	0.786683
18	58	7614	0.782367
18	59	7648	0.785861
18	60	7592	0.780107
18	61	7620	0.782984
18	62	7632	0.784217
18	63	7630	0.784012
18	64	7608	0.781751
18	65	7600	0.780929
18	66	7604	0.781340
18	67	7652	0.786272
18	68	7670	0.788122
18	69	7596	0.780518
18	70	7664	0.787505
18	71	7614	0.782367
18	72	7632	0.784217
18	73	7604	0.781340
18	74	7654	0.786478
18	75	7600	0.780929
18	76	7658	0.786889
18	77	7680	0.789149
18	78	7594	0.780312
18	79	7632	0.784217
18	80	7612	0.782162
18	81	7692	0.790382
18	82	7634	0.784423
18	83	7622	0.783189
18	84	7688	0.789971
18	85	7664	0.787505
18	86	7658	0.786889
18	87	7666	0.787711
18	88	7642	0.785245
18	89	7624	0.783395
18	90	7586	0.779490
18	91	7616	0.782573
18	92	7656	0.786683
18	93	7634	0.784423
18	94	7586	0.779490
18	95	7614	0.782367
18	96	7576	0.778463
18	97	7608	0.781751
18	98	7560	0.776819
18	99	7606	0.781545
19	20	7644	0.785450
19	21	7604	0.781340
19	22	7600	0.780929
19	23	7624	0.783395
19	24	7608	0.781751
19	25	7616	0.782573
19	26	7596	0.780518
19	27	7646	0.785656
19	28	7602	0.781134
19	29	7610	0.781956
19	30	7606	0.781545
19	31	7564	0.777230
19	32	7576	0.778463
19	33	7574	0.778257
19	34	7592	0.780107
19	35	7610	0.781956
19	36	7584	0.779285
19	37	7640	0.785039
19	38	7612	0.782162
19	39	7638	0.784834
19	40	7634	0.784423
19	41	7608	0.781751
19	42	7594	0.780312
19	43	7626	0.783600
19	44	7648	0.785861
19	45	7584	0.779285
19	46	7586	0.779490
19	47	7570	0.777846
19	48	7614	0.782367
19	49	7550	0.775791
19	50	7600	0.780929
19	51	7566	0.777435
19	52	7592	0.780107
19	53	7626	0.783600
19	54	7628	0.783806
19	55	7572	0.778052
19	56	7630	0.784012
19	57	7618	0.782778
19	58	7624	0.783395
19	59	7666	0.787711
19	60	7676	0.788738
19	61	7616	0.782573
19	62	7632	0.784217
19	63	7576	0.778463
19	64	7586	0.779490
19	65	7644	0.785450
19	66	7600	0.780929
19	67	7624	0.783395
19	68	7616	0.782573
19	69	7594	0.780312
19	70	7624	0.783395
19	71	7610	0.781956
19	72	7612	0.782162
19	73	7578	0.778668
19	74	7658	0.786889
19	75	7592	0.780107
19	76	7654	0.786478
19	77	7628	0.783806
19	78	7620	0.782984
19	79	7628	0.783806
19	80	7618	0.782778
19	81	7606	0.781545
19	82	7590	0.779901
19	83	7582	0.779079
19	84	7644	0.785450
19	85	7590	0.779901
19	86	7648	0.785861
19	87	7700	0.791204
19	88	7600	0.780929
19	89	7616	0.782573
19	90	7598	0.780723
19	91	7594	0.780312
19	92	7614	0.782367
19	93	7602	0.781134
19	94	7588	0.779696
19	95	7636	0.784628
19	96	7570	0.777846
19	97	7616	0.782573
19	98	7558	0.776613
19	99	7618	0.782778
20	21	7564	0.777230
20	22	7568	0.777641
20	23	7594	0.780312
20	24	7562	0.777024
20	25	7636	0.784628
20	26	7618	0.782778
20	27	7678	0.788944
20	28	7562	0.777024
20	29	7610	0.781956
20	30	7632	0.784217
20	31	7604	0.781340
20	32	7646	0.785656
20	33	7580	0.778874
20	34	7680	0.789149
20	35	7652	0.786272
20	36	7576	0.778463
20	37	7596	0.780518
20	38	7598	0.780723
20	39	7608	0.781751
20	40	7608	0.781751
20	41	7574	0.778257
20	42	7638	0.784834
20	43	7614	0.782367
20	44	7604	0.781340
20	45	7582	0.779079
20	46	7628	0.783806
20	47	7586	0.779490
20	48	7664	0.787505
20	49	7616	0.782573
20	50	7626	0.783600
20	51	7556	0.776408
20	52	7634	0.784423
20	53	7606	0.781545
20	54	7638	0.784834
20	55	7588	0.779696
20	56	7618	0.782778
20	57	7610	0.781956
20	58	7624	0.783395
20	59	7594	0.780312
20	60	7612	0.782162
20	61	7622	0.783189
20	62	7642	0.785245
20	63	7592	0.780107
20	64	7646	0.785656
20	65	7592	0.780107
20	66	7620	0.782984
20	67	7620	0.782984
20	68	7650	0.786067
20	69	7662	0.787300
20	70	7632	0.784217
20	71	7598	0.780723
20	72	7654	0.786478
20	73	7630	0.784012
20	74	7598	0.780723
20	75	7590	0.779901
20	76	7692	0.790382
20	77	7648	0.785861
20	78	7616	0.782573
20	79	7620	0.782984
20	80	7542	0.774969
20	81	7650	0.786067
20	82	7616	0.782573
20	83	7640	0.785039
20	84	7652	0.786272
20	85	7680	0.789149
20	86	7640	0.785039
20	87	7620	0.782984
20	88	7592	0.780107
20	89	7626	0.783600
20	90	7584	0.779285
20	91	7598	0.780723
20	92	7556	0.776408
20	93	7642	0.785245
20	94	7604	0.781340
20	95	7646	0.785656
20	96	7616	0.782573
20	97	7622	0.783189
20	98	7618	0.782778
20	99	7600	0.780929
21	22	7626	0.783600
21	23	7640	0.785039
21	24	7570	0.777846
21	25	7604	0.781340
21	26	7622	0.783189
21	27	7626	0.783600
21	28	7604	0.781340
21	29	7624	0.783395
21	30	7604	0.781340
21	31	7672	0.788327
21	32	7548	0.775586
21	33	7578	0.778668
21	34	7634	0.784423
21	35	7646	0.785656
21	36	7612	0.782162
21	37	7648	0.785861
21	38	7606	0.781545
21	39	7596	0.780518
21	40	7644	0.785450
21	41	7566	0.777435
21	42	7620	0.782984
21	43	7572	0.778052
21	44	7618	0.782778
21	45	7660	0.787094
21	46	7654	0.786478
21	47	7600	0.780929
21	48	7632	0.784217
21	49	7626	0.783600
21	50	7622	0.783189
21	51	7588	0.779696
21	52	7592	0.780107
21	53	7616	0.782573
21	54	7578	0.778668
21	55	7636	0.784628
21	56	7590	0.779901
21	57	7594	0.780312
21	58	7576	0.778463
21	59	7630	0.784012
21	60	7640	0.785039
21	61	7582	0.779079
21	62	7602	0.781134
21	63	7614	0.782367
21	64	7606	0.781545
21	65	7586	0.779490
21	66	7608	0.781751
21	67	7580	0.778874
21	68	7586	0.779490
21	69	7634	0.784423
21	70	7636	0.784628
21	71	7584	0.779285
21	72	7628	0.783806
21	73	7642	0.785245
21	74	7642	0.785245
21	75	7602	0.781134
21	76	7614	0.782367
21	77	7630	0.784012
21	78	7620	0.782984
21	79	7622	0.783189
21	80	7622	0.783189
21	81	7678	0.788944
21	82	7642	0.785245
21	83	7646	0.785656
21	84	7692	0.790382
21	85	7644	0.785450
21	86	7640	0.785039
21	87	7630	0.784012
21	88	7602	0.781134
21	89	7592	0.780107
21	90	7582	0.779079
21	91	7678	0.788944
21	92	7566	0.777435
21	93	7622	0.783189
21	94	7622	0.783189
21	95	7644	0.785450
21	96	7584	0.779285
21	97	7588	0.779696
21	98	7598	0.780723
21	99	7598	0.780723
22	23	7664	0.787505
22	24	7614	0.782367
22	25	7632	0.784217
22	26	7634	0.784423
22	27	7630	0.784012
22	28	7602	0.781134
22	29	7656	0.786683
22	30	7654	0.786478
22	31	7616	0.782573
22	32	7554	0.776202
22	33	7642	0.785245
22	34	7614	0.782367
22	35	7608	0.781751
22	36	7620	0.782984
22	37	7626	0.783600
22	38	7656	0.786683
22	39	7610	0.781956
22	40	7652	0.786272
22	41	7624	0.783395
22	42	7618	0.782778
22	43	7564	0.777230
22	44	7670	0.788122
22	45	7600	0.780929
22	46	7642	0.785245
22	47	7622	0.783189
22	48	7630	0.784012
22	49	7630	0.784012
22	50	7644	0.785450
22	51	7600	0.780929
22	52	7644	0.785450
22	53	7644	0.785450
22	54	7648	0.785861
22	55	7678	0.788944
22	56	7606	0.781545
22	57	7630	0.784012
22	58	7640	0.785039
22	59	7602	0.781134
22	60	7672	0.788327
22	61	7660	0.787094
22	62	7642	0.785245
22	63	7662	0.787300
22	64	7630	0.784012
22	65	7616	0.782573
22	66	7642	0.785245
22	67	7660	0.787094
22	68	7610	0.781956
22	69	7604	0.781340
22	70	7718	0.793054
22	71	7692	0.790382
22	72	7650	0.786067
22	73	7606	0.781545
22	74	7630	0.784012
22	75	7614	0.782367
22	76	7674	0.788533
22	77	7632	0.784217
22	78	7650	0.786067
22	79	7660	0.787094
22	80	7626	0.783600
22	81	7656	0.786683
22	82	7594	0.780312
22	83	7630	0.784012
22	84	7682	0.789355
22	85	7668	0.787916
22	86	7666	0.787711
22	87	7652	0.786272
22	88	7644	0.785450
22	89	7604	0.781340
22	90	7596	0.780518
22	91	7664	0.787505
22	92	7668	0.787916
22	93	7624	0.783395
22	94	7590	0.779901
22	95	7604	0.781340
22	96	7618	0.782778
22	97	7608	0.781751
22	98	7598	0.780723
22	99	7590	0.779901
23	24	7602	0.781134
23	25	7618	0.782778
23	26	7598	0.780723
23	27	7620	0.782984
23	28	7606	0.781545
23	29	7610	0.781956
23	30	7624	0.783395
23	31	7598	0.780723
23	32	7628	0.783806
23	33	7612	0.782162
23	34	7640	0.785039
23	35	7640	0.785039
23	36	7622	0.783189
23	37	7602	0.781134
23	38	7588	0.779696
23	39	7646	0.785656
23	40	7588	0.779696
23	41	7608	0.781751
23	42	7590	0.779901
23	43	7640	0.785039
23	44	7650	0.786067
23	45	7628	0.783806
23	46	7626	0.783600
23	47	7592	0.780107
23	48	7626	0.783600
23	49	7586	0.779490
23	50	7632	0.784217
23	51	7638	0.784834
23	52	7660	0.787094
23	53	7624	0.783395
23	54	7600	0.780929
23	55	7594	0.780312
23	56	7660	0.787094
23	57	7618	0.782778
23	58	7602	0.781134
23	59	7678	0.788944
23	60	7620	0.782984
23	61	7564	0.777230
23	62	7592	0.780107
23	63	7670	0.788122
23	64	7628	0.783806
23	65	7586	0.779490
23	66	7602	0.781134
23	67	7628	0.783806
23	68	7644	0.785450
23	69	7668	0.787916
23	70	7664	0.787505
23	71	7642	0.785245
23	72	7628	0.783806
23	73	7618	0.782778
23	74	7618	0.782778
23	75	7674	0.788533
23	76	7664	0.787505
23	77	7626	0.783600
23	78	7600	0.780929
23	79	7624	0.783395
23	80	7608	0.781751
23	81	7634	0.784423
23	82	7624	0.783395
23	83	7660	0.787094
23	84	7624	0.783395
23	85	7608	0.781751
23	86	7664	0.787505
23	87	7702	0.791410
23	88	7634	0.784423
23	89	7632	0.784217
23	90	7632	0.784217
23	91	7646	0.785656
23	92	7628	0.783806
23	93	7578	0.778668
23	94	7658	0.786889
23	95	7618	0.782778
23	96	7612	0.782162
23	97	7620	0.782984
23	98	7624	0.783395
23	99	7624	0.783395
24	25	7628	0.783806
24	26	7638	0.784834
24	27	7612	0.782162
24	28	7612	0.782162
24	29	7684	0.789560
24	30	7660	0.787094
24	31	7632	0.784217
24	32	7606	0.781545
24	33	7604	0.781340
24	34	7586	0.779490
24	35	7662	0.787300
24	36	7594	0.780312
24	37	7602	0.781134
24	38	7644	0.785450
24	39	7618	0.782778
24	40	7616	0.782573
24	41	7640	0.785039
24	42	7608	0.781751
24	43	7628	0.783806
24	44	7636	0.784628
24	45	7642	0.785245
24	46	7656	0.786683
24	47	7594	0.780312
24	48	7612	0.782162
24	49	7576	0.778463
24	50	7570	0.777846
24	51	7566	0.777435
24	52	7670	0.788122
24	53	7628	0.783806
24	54	7600	0.780929
24	55	7670	0.788122
24	56	7600	0.780929
24	57	7634	0.784423
24	58	7614	0.782367
24	59	7630	0.784012
24	60	7590	0.779901
24	61	7610	0.781956
24	62	7652	0.786272
24	63	7612	0.782162
24	64	7592	0.780107
24	65	7570	0.777846
24	66	7572	0.778052
24	67	7678	0.788944
24	68	7556	0.776408
24	69	7658	0.786889
24	70	7674	0.788533
24	71	7576	0.778463
24	72	7642	0.785245
24	73	7576	0.778463
24	74	7614	0.782367
24	75	7592	0.780107
24	76	7634	0.784423
24	77	7608	0.781751
24	78	7618	0.782778
24	79	7622	0.783189
24	80	7658	0.786889
24	81	7622	0.783189
24	82	7604	0.781340
24	83	7616	0.782573
24	84	7652	0.786272
24	85	7622	0.783189
24	86	7660	0.787094
24	87	7636	0.784628
24	88	7628	0.783806
24	89	7558	0.776613
24	90	7542	0.774969
24	91	7654	0.786478
24	92	7618	0.782778
24	93	7598	0.780723
24	94	7598	0.780723
24	95	7618	0.782778
24	96	7590	0.779901
24	97	7626	0.783600
24	98	7550	0.775791
24	99	7628	0.783806
25	26	7620	0.782984
25	27	7608	0.781751
25	28	7608	0.781751
25	29	7668	0.787916
25	30	7584	0.779285
25	31	7646	0.785656
25	32	7602	0.781134
25	33	7610	0.781956
25	34	7598	0.780723
25	35	7664	0.787505
25	36	7658	0.786889
25	37	7658	0.786889
25	38	7612	0.782162
25	39	7596	0.780518
25	40	7604	0.781340
25	41	7638	0.784834
25	42	7638	0.784834
25	43	7664	0.787505
25	44	7602	0.781134
25	45	7626	0.783600
25	46	7618	0.782778
25	47	7628	0.783806
25	48	7610	0.781956
25	49	7622	0.783189
25	50	7620	0.782984
25	51	7620	0.782984
25	52	7634	0.784423
25	53	7642	0.785245
25	54	7592	0.780107
25	55	7656	0.786683
25	56	7694	0.790588
25	57	7586	0.779490
25	58	7638	0.784834
25	59	7576	0.778463
25	60	7656	0.786683
25	61	7612	0.782162
25	62	7654	0.786478
25	63	7602	0.781134
25	64	7576	0.778463
25	65	7580	0.778874
25	66	7648	0.785861
25	67	7656	0.786683
25	68	7620	0.782984
25	69	7602	0.781134
25	70	7660	0.787094
25	71	7646	0.785656
25	72	7636	0.784628
25	73	7638	0.784834
25	74	7656	0.786683
25	75	7586	0.779490
25	76	7680	0.789149
25	77	7660	0.787094
25	78	7656	0.786683
25	79	7606	0.781545
25	80	7642	0.785245
25	81	7658	0.786889
25	82	7668	0.787916
25	83	7600	0.780929
25	84	7640	0.785039
25	85	7652	0.786272
25	86	7660	0.787094
25	87	7596	0.780518
25	88	7634	0.784423
25	89	7638	0.784834
25	90	7622	0.783189
25	91	7676	0.788738
25	92	7606	0.781545
25	93	7658	0.786889
25	94	7608	0.781751
25	95	7632	0.784217
25	96	7580	0.778874
25	97	7622	0.783189
25	98	7668	0.787916
25	99	7642	0.785245
26	27	7642	0.785245
26	28	7634	0.784423
26	29	7654	0.786478
26	30	7636	0.784628
26	31	7574	0.778257
26	32	7634	0.784423
26	33	7602	0.781134
26	34	7672	0.788327
26	35	7652	0.786272
26	36	7596	0.780518
26	37	7634	0.784423
26	38	7646	0.785656
26	39	7598	0.780723
26	40	7636	0.784628
26	41	7670	0.788122
26	42	7640	0.785039
26	43	7630	0.784012
26	44	7664	0.787505
26	45	7660	0.787094
26	46	7652	0.786272
26	47	7660	0.787094
26	48	7644	0.785450
26	49	7650	0.786067
26	50	7618	0.782778
26	51	7624	0.783395
26	52	7610	0.781956
26	53	7582	0.779079
26	54	7638	0.784834
26	55	7616	0.782573
26	56	7668	0.787916
26	57	7642	0.785245
26	58	7590	0.779901
26	59	7618	0.782778
26	60	7612	0.782162
26	61	7648	0.785861
26	62	7628	0.783806
26	63	7620	0.782984
26	64	7608	0.781751
26	65	7614	0.782367
26	66	7650	0.786067
26	67	7668	0.787916
26	68	7684	0.789560
26	69	7648	0.785861
26	70	7600	0.780929
26	71	7624	0.783395
26	72	7694	0.790588
26	73	7664	0.787505
26	74	7618	0.782778
26	75	7610	0.781956
26	76	7674	0.788533
26	77	7628	0.783806
26	78	7662	0.787300
26	79	7632	0.784217
26	80	7596	0.780518
26	81	7644	0.785450
26	82	7646	0.785656
26	83	7610	0.781956
26	84	7668	0.787916
26	85	7602	0.781134
26	86	7592	0.780107
26	87	7606	0.781545
26	88	7586	0.779490
26	89	7630	0.784012
26	90	7630	0.784012
26	91	7628	0.783806
26	92	7606	0.781545
26	93	7590	0.779901
26	94	7606	0.781545
26	95	7590	0.779901
26	96	7604	0.781340
26	97	7664	0.787505
26	98	7658	0.786889
26	99	7588	0.779696
27	28	7622	0.783189
27	29	7636	0.784628
27	30	7656	0.786683
27	31	7676	0.788738
27	32	7628	0.783806
27	33	7622	0.783189
27	34	7612	0.782162
27	35	7648	0.785861
27	36	7642	0.785245
27	37	7606	0.781545
27	38	7624	0.783395
27	39	7612	0.782162
27	40	7648	0.785861
27	41	7664	0.787505
27	42	7644	0.785450
27	43	7658	0.786889
27	44	7648	0.785861
27	45	7650	0.786067
27	46	7668	0.787916
27	47	7610	0.781956
27	48	7642	0.785245
27	49	7542	0.774969
27	50	7612	0.782162
27	51	7642	0.785245
27	52	7584	0.779285
27	53	7596	0.780518
27	54	7628	0.783806
27	55	7634	0.784423
27	56	7672	0.788327
27	57	7640	0.785039
27	58	7672	0.788327
27	59	7608	0.781751
27	60	7646	0.785656
27	61	7590	0.779901
27	62	7602	0.781134
27	63	7650	0.786067
27	64	7634	0.784423
27	65	7614	0.782367
27	66	7614	0.782367
27	67	7600	0.780929
27	68	7612	0.782162
27	69	7680	0.789149
27	70	7688	0.789971
27	71	7606	0.781545
27	72	7624	0.783395
27	73	7620	0.782984
27	74	7646	0.785656
27	75	7656	0.786683
27	76	7678	0.788944
27	77	7636	0.784628
27	78	7644	0.785450
27	79	7602	0.781134
27	80	7644	0.785450
27	81	7660	0.787094
27	82	7634	0.784423
27	83	7632	0.784217
27	84	7672	0.788327
27	85	7664	0.787505
27	86	7652	0.786272
27	87	7696	0.790793
27	88	7642	0.785245
27	89	7710	0.792232
27	90	7660	0.787094
27	91	7640	0.785039
27	92	7676	0.788738
27	93	7606	0.781545
27	94	7656	0.786683
27	95	7646	0.785656
27	96	7608	0.781751
27	97	7648	0.785861
27	98	7584	0.779285
27	99	7576	0.778463
28	29	7622	0.783189
28	30	7628	0.783806
28	31	7608	0.781751
28	32	7616	0.782573
28	33	7590	0.779901
28	34	7624	0.783395
28	35	7670	0.788122
28	36	7636	0.784628
28	37	7610	0.781956
28	38	7644	0.785450
28	39	7656	0.786683
28	40	7644	0.785450
28	41	7620	0.782984
28	42	7640	0.785039
28	43	7602	0.781134
28	44	7628	0.783806
28	45	7640	0.785039
28	46	7640	0.785039
28	47	7578	0.778668
28	48	7642	0.785245
28	49	7588	0.779696
28	50	7620	0.782984
28	51	7572	0.778052
28	52	7688	0.789971
28	53	7614	0.782367
28	54	7646	0.785656
28	55	7636	0.784628
28	56	7644	0.785450
28	57	7660	0.787094
28	58	7602	0.781134
28	59	7628	0.783806
28	60	7670	0.788122
28	61	7610	0.781956
28	62	7584	0.779285
28	63	7666	0.787711
28	64	7584	0.779285
28	65	7586	0.779490
28	66	7682	0.789355
28	67	7578	0.778668
28	68	7618	0.782778
28	69	7622	0.783189
28	70	7634	0.784423
28	71	7600	0.780929
28	72	7652	0.786272
28	73	7608	0.781751
28	74	7680	0.789149
28	75	7606	0.781545
28	76	7678	0.788944
28	77	7622	0.783189
28	78	7672	0.788327
28	79	7638	0.784834
28	80	7612	0.782162
28	81	7638	0.784834
28	82	7666	0.787711
28	83	7642	0.785245
28	84	7672	0.788327
28	85	7650	0.786067
28	86	7626	0.783600
28	87	7648	0.785861
28	88	7606	0.781545
28	89	7634	0.784423
28	90	7580	0.778874
28	91	7656	0.786683
28	92	7602	0.781134
28	93	7590	0.779901
28	94	7604	0.781340
28	95	7630	0.784012
28	96	7634	0.784423
28	97	7580	0.778874
28	98	7566	0.777435
28	99	7568	0.777641
29	30	7644	0.785450
29	31	7562	0.777024
29	32	7622	0.783189
29	33	7638	0.784834
29	34	7614	0.782367
29	35	7638	0.784834
29	36	7640	0.785039
29	37	7628	0.783806
29	38	7600	0.780929
29	39	7612	0.782162
29	40	7616	0.782573
29	41	7680	0.789149
29	42	7608	0.781751
29	43	7640	0.785039
29	44	7644	0.785450
29	45	7608	0.781751
29	46	7602	0.781134
29	47	7670	0.788122
29	48	7640	0.785039
29	49	7628	0.783806
29	50	7596	0.780518
29	51	7656	0.786683
29	52	7622	0.783189
29	53	7632	0.784217
29	54	7668	0.787916
29	55	7608	0.781751
29	56	7664	0.787505
29	57	7634	0.784423
29	58	7576	0.778463
29	59	7668	0.787916
29	60	7658	0.786889
29	61	7656	0.786683
29	62	7606	0.781545
29	63	7584	0.779285
29	64	7582	0.779079
29	65	7648	0.785861
29	66	7578	0.778668
29	67	7628	0.783806
29	68	7636	0.784628
29	69	7642	0.785245
29	70	7638	0.784834
29	71	7602	0.781134
29	72	7640	0.785039
29	73	7592	0.780107
29	74	7658	0.786889
29	75	7622	0.783189
29	76	7646	0.785656
29	77	7694	0.790588
29	78	7682	0.789355
29	79	7616	0.782573
29	80	7650	0.786067
29	81	7644	0.785450
29	82	7616	0.782573
29	83	7624	0.783395
29	84	7666	0.787711
29	85	7652	0.786272
29	86	7614	0.782367
29	87	7628	0.783806
29	88	7592	0.780107
29	89	7610	0.781956
29	90	7630	0.784012
29	91	7620	0.782984
29	92	7620	0.782984
29	93	7594	0.780312
29	94	7642	0.785245
29	95	7640	0.785039
29	96	7574	0.778257
29	97	7598	0.780723
29	98	7640	0.785039
29	99	7656	0.786683
30	31	7620	0.782984
30	32	7662	0.787300
30	33	7596	0.780518
30	34	7652	0.786272
30	35	7666	0.787711
30	36	7636	0.784628
30	37	7556	0.776408
30	38	7590	0.779901
30	39	7570	0.777846
30	40	7538	0.774558
30	41	7656	0.786683
30	42	7626	0.783600
30	43	7602	0.781134
30	44	7598	0.780723
30	45	7642	0.785245
30	46	7612	0.782162
30	47	7586	0.779490
30	48	7642	0.785245
30	49	7612	0.782162
30	50	7628	0.783806
30	51	7620	0.782984
30	52	7636	0.784628
30	53	7590	0.779901
30	54	7610	0.781956
30	55	7644	0.785450
30	56	7590	0.779901
30	57	7642	0.785245
30	58	7658	0.786889
30	59	7622	0.783189
30	60	7624	0.783395
30	61	7608	0.781751
30	62	7618	0.782778
30	63	7580	0.778874
30	64	7582	0.779079
30	65	7614	0.782367
30	66	7610	0.781956
30	67	7566	0.777435
30	68	7658	0.786889
30	69	7668	0.787916
30	70	7628	0.783806
30	71	7612	0.782162
30	72	7660	0.787094
30	73	7584	0.779285
30	74	7632	0.784217
30	75	7608	0.781751
30	76	7664	0.787505
30	77	7582	0.779079
30	78	7614	0.782367
30	79	7590	0.779901
30	80	7640	0.785039
30	81	7640	0.785039
30	82	7578	0.778668
30	83	7580	0.778874
30	84	7636	0.784628
30	85	7618	0.782778
30	86	7700	0.791204
30	87	7590	0.779901
30	88	7620	0.782984
30	89	7644	0.785450
30	90	7620	0.782984
30	91	7616	0.782573
30	92	7652	0.786272
30	93	7584	0.779285
30	94	7632	0.784217
30	95	7630	0.784012
30	96	7610	0.781956
30	97	7576	0.778463
30	98	7608	0.781751
30	99	7620	0.782984
31	32	7586	0.779490
31	33	7660	0.787094
31	34	7572	0.778052
31	35	7586	0.779490
31	36	7564	0.777230
31	37	7660	0.787094
31	38	7644	0.785450
31	39	7620	0.782984
31	40	7600	0.780929
31	41	7646	0.785656
31	42	7628	0.783806
31	43	7624	0.783395
31	44	7686	0.789766
31	45	7628	0.783806
31	46	7656	0.786683
31	47	7596	0.780518
31	48	7660	0.787094
31	49	7642	0.785245
31	50	7572	0.778052
31	51	7632	0.784217
31	52	7632	0.784217
31	53	7628	0.783806
31	54	7610	0.781956
31	55	7596	0.780518
31	56	7622	0.783189
31	57	7634	0.784423
31	58	7612	0.782162
31	59	7562	0.777024
31	60	7612	0.782162
31	61	7618	0.782778
31	62	7572	0.778052
31	63	7684	0.789560
31	64	7554	0.776202
31	65	7636	0.784628
31	66	7568	0.777641
31	67	7630	0.784012
31	68	7624	0.783395
31	69	7606	0.781545
31	70	7632	0.784217
31	71	7606	0.781545
31	72	7654	0.786478
31	73	7632	0.784217
31	74	7630	0.784012
31	75	7604	0.781340
31	76	7640	0.785039
31	77	7616	0.782573
31	78	7666	0.787711
31	79	7598	0.780723
31	80	7578	0.778668
31	81	7618	0.782778
31	82	7626	0.783600
31	83	7584	0.779285
31	84	7640	0.785039
31	85	7624	0.783395
31	86	7664	0.787505
31	87	7600	0.780929
31	88	7648	0.785861
31	89	7600	0.780929
31	90	7586	0.779490
31	91	7634	0.784423
31	92	7656	0.786683
31	93	7574	0.778257
31	94	7636	0.784628
31	95	7604	0.781340
31	96	7566	0.777435
31	97	7616	0.782573
31	98	7614	0.782367
31	99	7614	0.782367
32	33	7604	0.781340
32	34	7678	0.788944
32	35	7668	0.787916
32	36	7644	0.785450
32	37	7658	0.786889
32	38	7612	0.782162
32	39	7634	0.784423
32	40	7698	0.790999
32	41	7612	0.782162
32	42	7600	0.780929
32	43	7604	0.781340
32	44	7644	0.785450
32	45	7670	0.788122
32	46	7640	0.785039
32	47	7622	0.783189
32	48	7648	0.785861
32	49	7644	0.785450
32	50	7616	0.782573
32	51	7586	0.779490
32	52	7586	0.779490
32	53	7628	0.783806
32	54	7632	0.784217
32	55	7636	0.784628
32	56	7642	0.785245
32	57	7548	0.775586
32	58	7632	0.784217
32	59	7648	0.785861
32	60	7620	0.782984
32	61	7656	0.786683
32	62	7584	0.779285
32	63	7610	0.781956
32	64	7596	0.780518
32	65	7624	0.783395
32	66	7586	0.779490
32	67	7574	0.778257
32	68	7644	0.785450
32	69	7592	0.780107
32	70	7680	0.789149
32	71	7624	0.783395
32	72	7630	0.784012
32	73	7642	0.785245
32	74	7678	0.788944
32	75	7670	0.788122
32	76	7668	0.787916
32	77	7608	0.781751
32	78	7660	0.787094
32	79	7632	0.784217
32	80	7616	0.782573
32	81	7626	0.783600
32	82	7638	0.784834
32	83	7652	0.786272
32	84	7648	0.785861
32	85	7610	0.781956
32	86	7616	0.782573
32	87	7612	0.782162
32	88	7650	0.786067
32	89	7612	0.782162
32	90	7606	0.781545
32	91	7588	0.779696
32	92	7602	0.781134
32	93	7642	0.785245
32	94	7604	0.781340
32	95	7578	0.778668
32	96	7598	0.780723
32	97	7662	0.787300
32	98	7622	0.783189
32	99	7570	0.777846
33	34	7628	0.783806
33	35	7610	0.781956
33	36	7614	0.782367
33	37	7666	0.787711
33	38	7594	0.780312
33	39	7630	0.784012
33	40	7584	0.779285
33	41	7638	0.784834
33	42	7604	0.781340
33	43	7616	0.782573
33	44	7588	0.779696
33	45	7600	0.780929
33	46	7604	0.781340
33	47	7620	0.782984
33	48	7680	0.789149
33	49	7610	0.781956
33	50	7650	0.786067
33	51	7564	0.777230
33	52	7636	0.784628
33	53	7656	0.786683
33	54	7630	0.784012
33	55	7656	0.786683
33	56	7658	0.786889
33	57	7586	0.779490
33	58	7612	0.782162
33	59	7650	0.786067
33	60	7614	0.782367
33	61	7620	0.782984
33	62	7650	0.786067
33	63	7606	0.781545
33	64	7624	0.783395
33	65	7570	0.777846
33	66	7602	0.781134
33	67	7592	0.780107
33	68	7598	0.780723
33	69	7614	0.782367
33	70	7668	0.787916
33	71	7590	0.779901
33	72	7632	0.784217
33	73	7610	0.781956
33	74	7682	0.789355
33	75	7612	0.782162
33	76	7630	0.784012
33	77	7582	0.779079
33	78	7566	0.777435
33	79	7630	0.784012
33	80	7626	0.783600
33	81	7620	0.782984
33	82	7556	0.776408
33	83	7620	0.782984
33	84	7618	0.782778
33	85	7636	0.784628
33	86	7684	0.789560
33	87	7638	0.784834
33	88	7624	0.783395
33	89	7608	0.781751
33	90	7628	0.783806
33	91	7660	0.787094
33	92	7646	0.785656
33	93	7592	0.780107
33	94	7624	0.783395
33	95	7662	0.787300
33	96	7614	0.782367
33	97	7614	0.782367
33	98	7586	0.779490
33	99	7592	0.780107
34	35	7620	0.782984
34	36	7604	0.781340
34	37	7626	0.783600
34	38	7624	0.783395
34	39	7630	0.784012
34	40	7632	0.784217
34	41	7680	0.789149
34	42	7612	0.782162
34	43	7590	0.779901
34	44	7624	0.783395
34	45	7608	0.781751
34	46	7650	0.786067
34	47	7640	0.785039
34	48	7646	0.785656
34	49	7634	0.784423
34	50	7642	0.785245
34	51	7602	0.781134
34	52	7646	0.785656
34	53	7646	0.785656
34	54	7570	0.777846
34	55	7618	0.782778
34	56	7624	0.783395
34	57	7634	0.784423
34	58	7660	0.787094
34	59	7600	0.780929
34	60	7620	0.782984
34	61	7614	0.782367
34	62	7604	0.781340
34	63	7600	0.780929
34	64	7632	0.784217
34	65	7652	0.786272
34	66	7596	0.780518
34	67	7622	0.783189
34	68	7612	0.782162
34	69	7628	0.783806
34	70	7674	0.788533
34	71	7662	0.787300
34	72	7624	0.783395
34	73	7560	0.776819
34	74	7652	0.786272
34	75	7640	0.785039
34	76	7650	0.786067
34	77	7632	0.784217
34	78	7694	0.790588
34	79	7636	0.784628
34	80	7638	0.784834
34	81	7656	0.786683
34	82	7672	0.788327
34	83	7580	0.778874
34	84	7580	0.778874
34	85	7690	0.790177
34	86	7640	0.785039
34	87	7688	0.789971
34	88	7652	0.786272
34	89	7624	0.783395
34	90	7604	0.781340
34	91	7686	0.789766
34	92	7590	0.779901
34	93	7598	0.780723
34	94	7656	0.786683
34	95	7656	0.786683
34	96	7622	0.783189
34	97	7660	0.787094
34	98	7654	0.786478
34	99	7600	0.780929
35	36	7630	0.784012
35	37	7646	0.785656
35	38	7642	0.785245
35	39	7630	0.784012
35	40	7610	0.781956
35	41	7666	0.787711
35	42	7680	0.789149
35	43	7636	0.784628
35	44	7586	0.779490
35	45	7684	0.789560
35	46	7696	0.790793
35	47	7642	0.785245
35	48	7702	0.791410
35	49	7670	0.788122
35	50	7638	0.784834
35	51	7634	0.784423
35	52	7658	0.786889
35	53	7624	0.783395
35	54	7668	0.787916
35	55	7634	0.784423
35	56	7622	0.783189
35	57	7638	0.784834
35	58	7628	0.783806
35	59	7664	0.787505
35	60	7672	0.788327
35	61	7620	0.782984
35	62	7610	0.781956
35	63	7638	0.784834
35	64	7624	0.783395
35	65	7604	0.781340
35	66	7616	0.782573
35	67	7612	0.782162
35	68	7582	0.779079
35	69	7608	0.781751
35	70	7710	0.792232
35	71	7678	0.788944
35	72	7638	0.784834
35	73	7616	0.782573
35	74	7648	0.785861
35	75	7652	0.786272
35	76	7686	0.789766
35	77	7626	0.783600
35	78	7654	0.786478
35	79	7646	0.785656
35	80	7648	0.785861
35	81	7652	0.786272
35	82	7620	0.782984
35	83	7620	0.782984
35	84	7678	0.788944
35	85	7660	0.787094
35	86	7594	0.780312
35	87	7670	0.788122
35	88	7698	0.790999
35	89	7652	0.786272
35	90	7620	0.782984
35	91	7648	0.785861
35	92	7616	0.782573
35	93	7622	0.783189
35	94	7634	0.784423
35	95	7620	0.782984
35	96	7604	0.781340
35	97	7668	0.787916
35	98	7666	0.787711
35	99	7608	0.781751
36	37	7640	0.785039
36	38	7590	0.779901
36	39	7630	0.784012
36	40	7602	0.781134
36	41	7628	0.783806
36	42	7580	0.778874
36	43	7606	0.781545
36	44	7594	0.780312
36	45	7586	0.779490
36	46	7646	0.785656
36	47	7630	0.784012
36	48	7630	0.784012
36	49	7576	0.778463
36	50	7598	0.780723
36	51	7598	0.780723
36	52	7612	0.782162
36	53	7622	0.783189
36	54	7620	0.782984
36	55	7546	0.775380
36	56	7578	0.778668
36	57	7644	0.785450
36	58	7600	0.780929
36	59	7610	0.781956
36	60	7588	0.779696
36	61	7596	0.780518
36	62	7652	0.786272
36	63	7616	0.782573
36	64	7584	0.779285
36	65	7608	0.781751
36	66	7568	0.777641
36	67	7598	0.780723
36	68	7544	0.775175
36	69	7618	0.782778
36	70	7632	0.784217
36	71	7596	0.780518
36	72	7646	0.785656
36	73	7644	0.785450
36	74	7560	0.776819
36	75	7608	0.781751
36	76	7636	0.784628
36	77	7584	0.779285
36	78	7592	0.780107
36	79	7612	0.782162
36	80	7618	0.782778
36	81	7606	0.781545
36	82	7660	0.787094
36	83	7626	0.783600
36	84	7598	0.780723
36	85	7650	0.786067
36	86	7618	0.782778
36	87	7676	0.788738
36	88	7630	0.784012
36	89	7558	0.776613
36	90	7624	0.783395
36	91	7608	0.781751
36	92	7618	0.782778
36	93	7566	0.777435
36	94	7620	0.782984
36	95	7620	0.782984
36	96	7558	0.776613
36	97	7650	0.786067
36	98	7604	0.781340
36	99	7608	0.781751
37	38	7628	0.783806
37	39	7644	0.785450
37	40	7622	0.783189
37	41	7618	0.782778
37	42	7640	0.785039
37	43	7586	0.779490
37	44	7610	0.781956
37	45	7640	0.785039
37	46	7618	0.782778
37	47	7604	0.781340
37	48	7604	0.781340
37	49	7622	0.783189
37	50	7638	0.784834
37	51	7644	0.785450
37	52	7646	0.785656
37	53	7618	0.782778
37	54	7594	0.780312
37	55	7608	0.781751
37	56	7646	0.785656
37	57	7654	0.786478
37	58	7644	0.785450
37	59	7556	0.776408
37	60	7648	0.785861
37	61	7638	0.784834
37	62	7622	0.783189
37	63	7664	0.787505
37	64	7642	0.785245
37	65	7576	0.778463
37	66	7634	0.784423
37	67	7658	0.786889
37	68	7558	0.776613
37	69	7636	0.784628
37	70	7662	0.787300
37	71	7662	0.787300
37	72	7680	0.789149
37	73	7640	0.785039
37	74	7622	0.783189
37	75	7634	0.784423
37	76	7628	0.783806
37	77	7646	0.785656
37	78	7714	0.792643
37	79	7670	0.788122
37	80	7640	0.785039
37	81	7638	0.784834
37	82	7594	0.780312
37	83	7634	0.784423
37	84	7624	0.783395
37	85	7648	0.785861
37	86	7668	0.787916
37	87	7668	0.787916
37	88	7636	0.784628
37	89	7620	0.782984
37	90	7620	0.782984
37	91	7650	0.786067
37	92	7636	0.784628
37	93	7616	0.782573
37	94	7612	0.782162
37	95	7638	0.784834
37	96	7660	0.787094
37	97	7590	0.779901
37	98	7644	0.785450
37	99	7620	0.782984
38	39	7610	0.781956
38	40	7602	0.781134
38	41	7600	0.780929
38	42	7640	0.785039
38	43	7682	0.789355
38	44	7564	0.777230
38	45	7638	0.784834
38	46	7600	0.780929
38	47	7634	0.784423
38	48	7634	0.784423
38	49	7608	0.781751
38	50	7630	0.784012
38	51	7612	0.782162
38	52	7642	0.785245
38	53	7616	0.782573
38	54	7624	0.783395
38	55	7608	0.781751
38	56	7642	0.785245
38	57	7638	0.784834
38	58	7606	0.781545
38	59	7662	0.787300
38	60	7644	0.785450
38	61	7654	0.786478
38	62	7668	0.787916
38	63	7600	0.780929
38	64	7610	0.781956
38	65	7634	0.784423
38	66	7594	0.780312
38	67	7642	0.785245
38	68	7620	0.782984
38	69	7656	0.786683
38	70	7724	0.793670
38	71	7636	0.784628
38	72	7622	0.783189
38	73	7638	0.784834
38	74	7608	0.781751
38	75	7658	0.786889
38	76	7588	0.779696
38	77	7694	0.790588
38	78	7660	0.787094
38	79	7590	0.779901
38	80	7612	0.782162
38	81	7640	0.785039
38	82	7608	0.781751
38	83	7542	0.774969
38	84	7604	0.781340
38	85	7636	0.784628
38	86	7654	0.786478
38	87	7678	0.788944
38	88	7582	0.779079
38	89	7648	0.785861
38	90	7648	0.785861
38	91	7610	0.781956
38	92	7540	0.774764
38	93	7618	0.782778
38	94	7626	0.783600
38	95	7614	0.782367
38	96	7618	0.782778
38	97	7604	0.781340
38	98	7624	0.783395
38	99	7616	0.782573
39	40	7646	0.785656
39	41	7620	0.782984
39	42	7598	0.780723
39	43	7666	0.787711
39	44	7600	0.780929
39	45	7614	0.782367
39	46	7684	0.789560
39	47	7566	0.777435
39	48	7616	0.782573
39	49	7612	0.782162
39	50	7598	0.780723
39	51	7614	0.782367
39	52	7582	0.779079
39	53	7594	0.780312
39	54	7636	0.784628
39	55	7616	0.782573
39	56	7612	0.782162
39	57	7604	0.781340
39	58	7618	0.782778
39	59	7646	0.785656
39	60	7634	0.784423
39	61	7574	0.778257
39	62	7662	0.787300
39	63	7596	0.780518
39	64	7524	0.773120
39	65	7632	0.784217
39	66	7586	0.779490
39	67	7652	0.786272
39	68	7610	0.781956
39	69	7634	0.784423
39	70	7682	0.789355
39	71	7656	0.786683
39	72	7596	0.780518
39	73	7612	0.782162
39	74	7618	0.782778
39	75	7598	0.780723
39	76	7618	0.782778
39	77	7604	0.781340
39	78	7636	0.784628
39	79	7638	0.784834
39	80	7602	0.781134
39	81	7616	0.782573
39	82	7584	0.779285
39	83	7620	0.782984
39	84	7660	0.787094
39	85	7602	0.781134
39	86	7652	0.786272
39	87	7610	0.781956
39	88	7630	0.784012
39	89	7652	0.786272
39	90	7602	0.781134
39	91	7590	0.779901
39	92	7606	0.781545
39	93	7582	0.779079
39	94	7640	0.785039
39	95	7646	0.785656
39	96	7588	0.779696
39	97	7666	0.787711
39	98	7620	0.782984
39	99	7626	0.783600
40	41	7628	0.783806
40	42	7656	0.786683
40	43	7614	0.782367
40	44	7610	0.781956
40	45	7638	0.784834
40	46	7638	0.784834
40	47	7656	0.786683
40	48	7620	0.782984
40	49	7628	0.783806
40	50	7568	0.777641
40	51	7642	0.785245
40	52	7666	0.787711
40	53	7590	0.779901
40	54	7570	0.777846
40	55	7600	0.780929
40	56	7634	0.784423
40	57	7648	0.785861
40	58	7594	0.780312
40	59	7618	0.782778
40	60	7608	0.781751
40	61	7662	0.787300
40	62	7630	0.784012
40	63	7610	0.781956
40	64	7660	0.787094
40	65	7602	0.781134
40	66	7628	0.783806
40	67	7602	0.781134
40	68	7618	0.782778
40	69	7628	0.783806
40	70	7680	0.789149
40	71	7634	0.784423
40	72	7672	0.788327
40	73	7594	0.780312
40	74	7642	0.785245
40	75	7638	0.784834
40	76	7642	0.785245
40	77	7644	0.785450
40	78	7664	0.787505
40	79	7622	0.783189
40	80	7682	0.789355
40	81	7674	0.788533
40	82	7654	0.786478
40	83	7652	0.786272
40	84	7646	0.785656
40	85	7640	0.785039
40	86	7682	0.789355
40	87	7632	0.784217
40	88	7592	0.780107
40	89	7578	0.778668
40	90	7636	0.784628
40	91	7672	0.788327
40	92	7630	0.784012
40	93	7616	0.782573
40	94	7606	0.781545
40	95	7624	0.783395
40	96	7632	0.784217
40	97	7648	0.785861
40	98	7596	0.780518
40	99	7598	0.780723
41	42	7624	0.783395
41	43	7602	0.781134
41	44	7648	0.785861
41	45	7654	0.786478
41	46	7616	0.782573
41	47	7590	0.779901
41	48	7678	0.788944
41	49	7610	0.781956
41	50	7648	0.785861
41	51	7610	0.781956
41	52	7658	0.786889
41	53	7628	0.783806
41	54	7630	0.784012
41	55	7652	0.786272
41	56	7664	0.787505
41	57	7664	0.787505
41	58	7578	0.778668
41	59	7650	0.786067
41	60	7668	0.787916
41	61	7670	0.788122
41	62	7656	0.786683
41	63	7644	0.785450
41	64	7632	0.784217
41	65	7648	0.785861
41	66	7610	0.781956
41	67	7640	0.785039
41	68	7622	0.783189
41	69	7634	0.784423
41	70	7690	0.790177
41	71	7618	0.782778
41	72	7632	0.784217
41	73	7600	0.780929
41	74	7690	0.790177
41	75	7654	0.786478
41	76	7606	0.781545
41	77	7654	0.786478
41	78	7700	0.791204
41	79	7662	0.787300
41	80	7628	0.783806
41	81	7638	0.784834
41	82	7632	0.784217
41	83	7682	0.789355
41	84	7666	0.787711
41	85	7688	0.789971
41	86	7696	0.790793
41	87	7654	0.786478
41	88	7646	0.785656
41	89	7646	0.785656
41	90	7642	0.785245
41	91	7624	0.783395
41	92	7654	0.786478
41	93	7634	0.784423
41	94	7628	0.783806
41	95	7628	0.783806
41	96	7580	0.778874
41	97	7624	0.783395
41	98	7608	0.781751
41	99	7608	0.781751
42	43	7586	0.779490
42	44	7602	0.781134
42	45	7626	0.783600
42	46	7650	0.786067
42	47	7610	0.781956
42	48	7624	0.783395
42	49	7620	0.782984
42	50	7606	0.781545
42	51	7616	0.782573
42	52	7634	0.784423
42	53	7666	0.787711
42	54	7636	0.784628
42	55	7622	0.783189
42	56	7626	0.783600
42	57	7636	0.784628
42	58	7618	0.782778
42	59	7592	0.780107
42	60	7662	0.787300
42	61	7626	0.783600
42	62	7624	0.783395
42	63	7584	0.779285
42	64	7550	0.775791
42	65	7622	0.783189
42	66	7578	0.778668
42	67	7580	0.778874
42	68	7608	0.781751
42	69	7652	0.786272
42	70	7670	0.788122
42	71	7624	0.783395
42	72	7622	0.783189
42	73	7664	0.787505
42	74	7604	0.781340
42	75	7634	0.784423
42	76	7614	0.782367
42	77	7600	0.780929
42	78	7660	0.787094
42	79	7624	0.783395
42	80	7628	0.783806
42	81	7630	0.784012
42	82	7616	0.782573
42	83	7644	0.785450
42	84	7628	0.783806
42	85	7622	0.783189
42	86	7634	0.784423
42	87	7648	0.785861
42	88	7636	0.784628
42	89	7592	0.780107
42	90	7596	0.780518
42	91	7616	0.782573
42	92	7642	0.785245
42	93	7590	0.779901
42	94	7650	0.786067
42	95	7652	0.786272
42	96	7628	0.783806
42	97	7630	0.784012
42	98	7638	0.784834
42	99	7584	0.779285
43	44	7630	0.784012
43	45	7610	0.781956
43	46	7622	0.783189
43	47	7608	0.781751
43	48	7620	0.782984
43	49	7664	0.787505
43	50	7648	0.785861
43	51	7592	0.780107
43	52	7578	0.778668
43	53	7694	0.790588
43	54	7672	0.788327
43	55	7614	0.782367
43	56	7656	0.786683
43	57	7590	0.779901
43	58	7674	0.788533
43	59	7626	0.783600
43	60	7622	0.783189
43	61	7642	0.785245
43	62	7614	0.782367
43	63	7616	0.782573
43	64	7628	0.783806
43	65	7626	0.783600
43	66	7620	0.782984
43	67	7628	0.783806
43	68	7668	0.787916
43	69	7592	0.780107
43	70	7596	0.780518
43	71	7568	0.777641
43	72	7636	0.784628
43	73	7628	0.783806
43	74	7626	0.783600
43	75	7606	0.781545
43	76	7632	0.784217
43	77	7550	0.775791
43	78	7662	0.787300
43	79	7668	0.787916
43	80	7618	0.782778
43	81	7620	0.782984
43	82	7640	0.785039
43	83	7616	0.782573
43	84	7700	0.791204
43	85	7674	0.788533
43	86	7676	0.788738
43	87	7636	0.784628
43	88	7622	0.783189
43	89	7568	0.777641
43	90	7678	0.788944
43	91	7676	0.788738
43	92	7626	0.783600
43	93	7596	0.780518
43	94	7628	0.783806
43	95	7582	0.779079
43	96	7620	0.782984
43	97	7638	0.784834
43	98	7642	0.785245
43	99	7530	0.773736
44	45	7610	0.781956
44	46	7638	0.784834
44	47	7648	0.785861
44	48	7648	0.785861
44	49	7600	0.780929
44	50	7636	0.784628
44	51	7570	0.777846
44	52	7610	0.781956
44	53	7640	0.785039
44	54	7592	0.780107
44	55	7650	0.786067
44	56	7670	0.788122
44	57	7622	0.783189
44	58	7672	0.788327
44	59	7646	0.785656
44	60	7682	0.789355
44	61	7714	0.792643
44	62	7656	0.786683
44	63	7644	0.785450
44	64	7640	0.785039
44	65	7650	0.786067
44	66	7614	0.782367
44	67	7640	0.785039
44	68	7642	0.785245
44	69	7632	0.784217
44	70	7700	0.791204
44	71	7648	0.785861
44	72	7640	0.785039
44	73	7650	0.786067
44	74	7650	0.786067
44	75	7662	0.787300
44	76	7566	0.777435
44	77	7652	0.786272
44	78	7670	0.788122
44	79	7644	0.785450
44	80	7604	0.781340
44	81	7644	0.785450
44	82	7652	0.786272
44	83	7630	0.784012
44	84	7624	0.783395
44	85	7664	0.787505
44	86	7724	0.793670
44	87	7650	0.786067
44	88	7652	0.786272
44	89	7686	0.789766
44	90	7624	0.783395
44	91	7682	0.789355
44	92	7636	0.784628
44	93	7668	0.787916
44	94	7606	0.781545
44	95	7646	0.785656
44	96	7606	0.781545
44	97	7614	0.782367
44	98	7688	0.789971
44	99	7584	0.779285
45	46	7598	0.780723
45	47	7636	0.784628
45	48	7596	0.780518
45	49	7580	0.778874
45	50	7606	0.781545
45	51	7608	0.781751
45	52	7652	0.786272
45	53	7632	0.784217
45	54	7646	0.785656
45	55	7614	0.782367
45	56	7620	0.782984
45	57	7632	0.784217
45	58	7606	0.781545
45	59	7628	0.783806
45	60	7656	0.786683
45	61	7618	0.782778
45	62	7596	0.780518
45	63	7640	0.785039
45	64	7652	0.786272
45	65	7656	0.786683
45	66	7622	0.783189
45	67	7622	0.783189
45	68	7656	0.786683
45	69	7650	0.786067
45	70	7654	0.786478
45	71	7622	0.783189
45	72	7624	0.783395
45	73	7666	0.787711
45	74	7634	0.784423
45	75	7576	0.778463
45	76	7658	0.786889
45	77	7690	0.790177
45	78	7658	0.786889
45	79	7630	0.784012
45	80	7636	0.784628
45	81	7676	0.788738
45	82	7630	0.784012
45	83	7668	0.787916
45	84	7668	0.787916
45	85	7670	0.788122
45	86	7712	0.792437
45	87	7660	0.787094
45	88	7682	0.789355
45	89	7658	0.786889
45	90	7594	0.780312
45	91	7622	0.783189
45	92	7578	0.778668
45	93	7618	0.782778
45	94	7622	0.783189
45	95	7658	0.786889
45	96	7588	0.779696
45	97	7634	0.784423
45	98	7596	0.780518
45	99	7656	0.786683
46	47	7672	0.788327
46	48	7620	0.782984
46	49	7616	0.782573
46	50	7646	0.785656
46	51	7594	0.780312
46	52	7672	0.788327
46	53	7692	0.790382
46	54	7648	0.785861
46	55	7636	0.784628
46	56	7676	0.788738
46	57	7656	0.786683
46	58	7618	0.782778
46	59	7620	0.782984
46	60	7680	0.789149
46	61	7674	0.788533
46	62	7666	0.787711
46	63	7602	0.781134
46	64	7678	0.788944
46	65	7672	0.788327
46	66	7648	0.785861
46	67	7632	0.784217
46	68	7676	0.788738
46	69	7580	0.778874
46	70	7708	0.792026
46	71	7620	0.782984
46	72	7610	0.781956
46	73	7648	0.785861
46	74	7672	0.788327
46	75	7664	0.787505
46	76	7664	0.787505
46	77	7622	0.783189
46	78	7640	0.785039
46	79	7676	0.788738
46	80	7614	0.782367
46	81	7638	0.784834
46	82	7664	0.787505
46	83	7662	0.787300
46	84	7630	0.784012
46	85	7678	0.788944
46	86	7666	0.787711
46	87	7666	0.787711
46	88	7620	0.782984
46	89	7688	0.789971
46	90	7586	0.779490
46	91	7664	0.787505
46	92	7562	0.777024
46	93	7594	0.780312
46	94	7648	0.785861
46	95	7636	0.784628
46	96	7632	0.784217
46	97	7656	0.786683
46	98	7648	0.785861
46	99	7648	0.785861
47	48	7622	0.783189
47	49	7574	0.778257
47	50	7608	0.781751
47	51	7560	0.776819
47	52	7580	0.778874
47	53	7604	0.781340
47	54	7594	0.780312
47	55	7642	0.785245
47	56	7630	0.784012
47	57	7568	0.777641
47	58	7656	0.786683
47	59	7606	0.781545
47	60	7648	0.785861
47	61	7596	0.780518
47	62	7622	0.783189
47	63	7580	0.778874
47	64	7576	0.778463
47	65	7578	0.778668
47	66	7644	0.785450
47	67	7602	0.781134
47	68	7672	0.788327
47	69	7642	0.785245
47	70	7672	0.788327
47	71	7570	0.777846
47	72	7636	0.784628
47	73	7612	0.782162
47	74	7644	0.785450
47	75	7598	0.780723
47	76	7628	0.783806
47	77	7632	0.784217
47	78	7654	0.786478
47	79	7600	0.780929
47	80	7610	0.781956
47	81	7626	0.783600
47	82	7568	0.777641
47	83	7644	0.785450
47	84	7638	0.784834
47	85	7598	0.780723
47	86	7632	0.784217
47	87	7704	0.791615
47	88	7648	0.785861
47	89	7670	0.788122
47	90	7608	0.781751
47	91	7656	0.786683
47	92	7636	0.784628
47	93	7594	0.780312
47	94	7594	0.780312
47	95	7644	0.785450
47	96	7598	0.780723
47	97	7630	0.784012
47	98	7622	0.783189
47	99	7628	0.783806
48	49	7668	0.787916
48	50	7626	0.783600
48	51	7626	0.783600
48	52	7662	0.787300
48	53	7668	0.787916
48	54	7614	0.782367
48	55	7600	0.780929
48	56	7616	0.782573
48	57	7644	0.785450
48	58	7624	0.783395
48	59	7656	0.786683
48	60	7626	0.783600
48	61	7628	0.783806
48	62	7564	0.777230
48	63	7560	0.776819
48	64	7636	0.784628
48	65	7574	0.778257
48	66	7598	0.780723
48	67	7644	0.785450
48	68	7642	0.785245
48	69	7664	0.787505
48	70	7618	0.782778
48	71	7642	0.785245
48	72	7610	0.781956
48	73	7654	0.786478
48	74	7644	0.785450
48	75	7640	0.785039
48	76	7648	0.785861
48	77	7614	0.782367
48	78	7678	0.788944
48	79	7606	0.781545
48	80	7652	0.786272
48	81	7612	0.782162
48	82	7650	0.786067
48	83	7678	0.788944
48	84	7686	0.789766
48	85	7580	0.778874
48	86	7654	0.786478
48	87	7622	0.783189
48	88	7648	0.785861
48	89	7680	0.789149
48	90	7652	0.786272
48	91	7568	0.777641
48	92	7652	0.786272
48	93	7604	0.781340
48	94	7596	0.780518
48	95	7600	0.780929
48	96	7650	0.786067
48	97	7606	0.781545
48	98	7634	0.784423
48	99	7598	0.780723
49	50	7648	0.785861
49	51	7614	0.782367
49	52	7630	0.784012
49	53	7618	0.782778
49	54	7598	0.780723
49	55	7624	0.783395
49	56	7654	0.786478
49	57	7614	0.782367
49	58	7544	0.775175
49	59	7622	0.783189
49	60	7704	0.791615
49	61	7644	0.785450
49	62	7604	0.781340
49	63	7646	0.785656
49	64	7630	0.784012
49	65	7648	0.785861
49	66	7608	0.781751
49	67	7618	0.782778
49	68	7656	0.786683
49	69	7650	0.786067
49	70	7620	0.782984
49	71	7650	0.786067
49	72	7586	0.779490
49	73	7544	0.775175
49	74	7660	0.787094
49	75	7638	0.784834
49	76	7644	0.785450
49	77	7674	0.788533
49	78	7630	0.784012
49	79	7584	0.779285
49	80	7604	0.781340
49	81	7616	0.782573
49	82	7638	0.784834
49	83	7604	0.781340
49	84	7662	0.787300
49	85	7654	0.786478
49	86	7644	0.785450
49	87	7690	0.790177
49	88	7606	0.781545
49	89	7630	0.784012
49	90	7634	0.784423
49	91	7646	0.785656
49	92	7648	0.785861
49	93	7620	0.782984
49	94	7652	0.786272
49	95	7676	0.788738
49	96	7622	0.783189
49	97	7624	0.783395
49	98	7594	0.780312
49	99	7588	0.779696
50	51	7592	0.780107
50	52	7622	0.783189
50	53	7624	0.783395
50	54	7622	0.783189
50	55	7630	0.784012
50	56	7564	0.777230
50	57	7612	0.782162
50	58	7598	0.780723
50	59	7630	0.784012
50	60	7626	0.783600
50	61	7592	0.780107
50	62	7634	0.784423
50	63	7600	0.780929
50	64	7602	0.781134
50	65	7594	0.780312
50	66	7598	0.780723
50	67	7628	0.783806
50	68	7562	0.777024
50	69	7628	0.783806
50	70	7652	0.786272
50	71	7554	0.776202
50	72	7600	0.780929
50	73	7614	0.782367
50	74	7670	0.788122
50	75	7642	0.785245
50	76	7702	0.791410
50	77	7640	0.785039
50	78	7680	0.789149
50	79	7574	0.778257
50	80	7604	0.781340
50	81	7638	0.784834
50	82	7582	0.779079
50	83	7636	0.784628
50	84	7626	0.783600
50	85	7556	0.776408
50	86	7626	0.783600
50	87	7612	0.782162
50	88	7660	0.787094
50	89	7602	0.781134
50	90	7610	0.781956
50	91	7664	0.787505
50	92	7608	0.781751
50	93	7568	0.777641
50	94	7632	0.784217
50	95	7572	0.778052
50	96	7594	0.780312
50	97	7640	0.785039
50	98	7598	0.780723
50	99	7648	0.785861
51	52	7642	0.785245
51	53	7618	0.782778
51	54	7634	0.784423
51	55	7632	0.784217
51	56	7614	0.782367
51	57	7648	0.785861
51	58	7630	0.784012
51	59	7630	0.784012
51	60	7658	0.786889
51	61	7622	0.783189
51	62	7628	0.783806
51	63	7584	0.779285
51	64	7618	0.782778
51	65	7610	0.781956
51	66	7596	0.780518
51	67	7638	0.784834
51	68	7602	0.781134
51	69	7632	0.784217
51	70	7644	0.785450
51	71	7660	0.787094
51	72	7658	0.786889
51	73	7636	0.784628
51	74	7602	0.781134
51	75	7574	0.778257
51	76	7606	0.781545
51	77	7642	0.785245
51	78	7644	0.785450
51	79	7628	0.783806
51	80	7628	0.783806
51	81	7652	0.786272
51	82	7640	0.785039
51	83	7620	0.782984
51	84	7682	0.789355
51	85	7644	0.785450
51	86	7596	0.780518
51	87	7636	0.784628
51	88	7582	0.779079
51	89	7586	0.779490
51	90	7622	0.783189
51	91	7640	0.785039
51	92	7616	0.782573
51	93	7560	0.776819
51	94	7590	0.779901
51	95	7658	0.786889
51	96	7590	0.779901
51	97	7590	0.779901
51	98	7594	0.780312
51	99	7560	0.776819
52	53	7596	0.780518
52	54	7666	0.787711
52	55	7650	0.786067
52	56	7626	0.783600
52	57	7632	0.784217
52	58	7570	0.777846
52	59	7650	0.786067
52	60	7612	0.782162
52	61	7626	0.783600
52	62	7638	0.784834
52	63	7670	0.788122
52	64	7620	0.782984
52	65	7676	0.788738
52	66	7642	0.785245
52	67	7632	0.784217
52	68	7612	0.782162
52	69	7616	0.782573
52	70	7668	0.787916
52	71	7656	0.786683
52	72	7666	0.787711
52	73	7672	0.788327
52	74	7610	0.781956
52	75	7610	0.781956
52	76	7642	0.785245
52	77	7642	0.785245
52	78	7622	0.783189
52	79	7644	0.785450
52	80	7680	0.789149
52	81	7648	0.785861
52	82	7648	0.785861
52	83	7634	0.784423
52	84	7704	0.791615
52	85	7646	0.785656
52	86	7648	0.785861
52	87	7630	0.784012
52	88	7618	0.782778
52	89	7692	0.790382
52	90	7658	0.786889
52	91	7656	0.786683
52	92	7610	0.781956
52	93	7648	0.785861
52	94	7658	0.786889
52	95	7626	0.783600
52	96	7632	0.784217
52	97	7618	0.782778
52	98	7626	0.783600
52	99	7616	0.782573
53	54	7656	0.786683
53	55	7660	0.787094
53	56	7530	0.773736
53	57	7658	0.786889
53	58	7594	0.780312
53	59	7662	0.787300
53	60	7650	0.786067
53	61	7620	0.782984
53	62	7644	0.785450
53	63	7626	0.783600
53	64	7664	0.787505
53	65	7602	0.781134
53	66	7654	0.786478
53	67	7640	0.785039
53	68	7652	0.786272
53	69	7624	0.783395
53	70	7718	0.793054
53	71	7646	0.785656
53	72	7634	0.784423
53	73	7606	0.781545
53	74	7674	0.788533
53	75	7646	0.785656
53	76	7626	0.783600
53	77	7674	0.788533
53	78	7592	0.780107
53	79	7666	0.787711
53	80	7606	0.781545
53	81	7650	0.786067
53	82	7602	0.781134
53	83	7626	0.783600
53	84	7638	0.784834
53	85	7638	0.784834
53	86	7606	0.781545
53	87	7624	0.783395
53	88	7656	0.786683
53	89	7618	0.782778
53	90	7646	0.785656
53	91	7640	0.785039
53	92	7626	0.783600
53	93	7624	0.783395
53	94	7662	0.787300
53	95	7574	0.778257
53	96	7620	0.782984
53	97	7616	0.782573
53	98	7624	0.783395
53	99	7610	0.781956
54	55	7656	0.786683
54	56	7658	0.786889
54	57	7592	0.780107
54	58	7648	0.785861
54	59	7642	0.785245
54	60	7668	0.787916
54	61	7600	0.780929
54	62	7600	0.780929
54	63	7624	0.783395
54	64	7608	0.781751
54	65	7618	0.782778
54	66	7592	0.780107
54	67	7596	0.780518
54	68	7604	0.781340
54	69	7608	0.781751
54	70	7652	0.786272
54	71	7650	0.786067
54	72	7644	0.785450
54	73	7604	0.781340
54	74	7644	0.785450
54	75	7636	0.784628
54	76	7610	0.781956
54	77	7564	0.777230
54	78	7648	0.785861
54	79	7610	0.781956
54	80	7620	0.782984
54	81	7644	0.785450
54	82	7640	0.785039
54	83	7584	0.779285
54	84	7628	0.783806
54	85	7670	0.788122
54	86	7652	0.786272
54	87	7672	0.788327
54	88	7670	0.788122
54	89	7656	0.786683
54	90	7628	0.783806
54	91	7678	0.788944
54	92	7590	0.779901
54	93	7622	0.783189
54	94	7616	0.782573
54	95	7646	0.785656
54	96	7644	0.785450
54	97	7664	0.787505
54	98	7628	0.783806
54	99	7588	0.779696
55	56	7568	0.777641
55	57	7664	0.787505
55	58	7602	0.781134
55	59	7678	0.788944
55	60	7658	0.786889
55	61	7590	0.779901
55	62	7618	0.782778
55	63	7588	0.779696
55	64	7632	0.784217
55	65	7648	0.785861
55	66	7634	0.784423
55	67	7634	0.784423
55	68	7672	0.788327
55	69	7636	0.784628
55	70	7650	0.786067
55	71	7656	0.786683
55	72	7652	0.786272
55	73	7602	0.781134
55	74	7634	0.784423
55	75	7580	0.778874
55	76	7644	0.785450
55	77	7644	0.785450
55	78	7648	0.785861
55	79	7556	0.776408
55	80	7580	0.778874
55	81	7640	0.785039
55	82	7632	0.784217
55	83	7662	0.787300
55	84	7624	0.783395
55	85	7616	0.782573
55	86	7632	0.784217
55	87	7656	0.786683
55	88	7626	0.783600
55	89	7562	0.777024
55	90	7634	0.784423
55	91	7594	0.780312
55	92	7608	0.781751
55	93	7574	0.778257
55	94	7674	0.788533
55	95	7616	0.782573
55	96	7616	0.782573
55	97	7638	0.784834
55	98	7620	0.782984
55	99	7632	0.784217
56	57	7616	0.782573
56	58	7598	0.780723
56	59	7666	0.787711
56	60	7672	0.788327
56	61	7602	0.781134
56	62	7626	0.783600
56	63	7602	0.781134
56	64	7658	0.786889
56	65	7640	0.785039
56	66	7592	0.780107
56	67	7640	0.785039
56	68	7632	0.784217
56	69	7618	0.782778
56	70	7682	0.789355
56	71	7634	0.784423
56	72	7654	0.786478
56	73	7602	0.781134
56	74	7646	0.785656
56	75	7630	0.784012
56	76	7672	0.788327
56	77	7614	0.782367
56	78	7642	0.785245
56	79	7624	0.783395
56	80	7638	0.784834
56	81	7650	0.786067
56	82	7588	0.779696
56	83	7652	0.786272
56	84	7680	0.789149
56	85	7642	0.785245
56	86	7638	0.784834
56	87	7642	0.785245
56	88	7610	0.781956
56	89	7602	0.781134
56	90	7590	0.779901
56	91	7638	0.784834
56	92	7590	0.779901
56	93	7644	0.785450
56	94	7636	0.784628
56	95	7558	0.776613
56	96	7580	0.778874
56	97	7610	0.781956
56	98	7590	0.779901
56	99	7638	0.784834
57	58	7628	0.783806
57	59	7618	0.782778
57	60	7634	0.784423
57	61	7612	0.782162
57	62	7632	0.784217
57	63	7590	0.779901
57	64	7624	0.783395
57	65	7558	0.776613
57	66	7658	0.786889
57	67	7646	0.785656
57	68	7656	0.786683
57	69	7636	0.784628
57	70	7684	0.789560
57	71	7670	0.788122
57	72	7648	0.785861
57	73	7612	0.782162
57	74	7656	0.786683
57	75	7568	0.777641
57	76	7652	0.786272
57	77	7648	0.785861
57	78	7626	0.783600
57	79	7662	0.787300
57	80	7598	0.780723
57	81	7618	0.782778
57	82	7646	0.785656
57	83	7694	0.790588
57	84	7640	0.785039
57	85	7682	0.789355
57	86	7660	0.787094
57	87	7644	0.785450
57	88	7666	0.787711
57	89	7652	0.786272
57	90	7620	0.782984
57	91	7590	0.779901
57	92	7606	0.781545
57	93	7596	0.780518
57	94	7592	0.780107
57	95	7578	0.778668
57	96	7632	0.784217
57	97	7636	0.784628
57	98	7606	0.781545
57	99	7612	0.782162
58	59	7682	0.789355
58	60	7612	0.782162
58	61	7578	0.778668
58	62	7652	0.786272
58	63	7612	0.782162
58	64	7592	0.780107
58	65	7648	0.785861
58	66	7634	0.784423
58	67	7606	0.781545
58	68	7636	0.784628
58	69	7608	0.781751
58	70	7620	0.782984
58	71	7566	0.777435
58	72	7682	0.789355
58	73	7608	0.781751
58	74	7648	0.785861
58	75	7626	0.783600
58	76	7628	0.783806
58	77	7694	0.790588
58	78	7648	0.785861
58	79	7624	0.783395
58	80	7628	0.783806
58	81	7660	0.787094
58	82	7628	0.783806
58	83	7688	0.789971
58	84	7676	0.788738
58	85	7610	0.781956
58	86	7662	0.787300
58	87	7654	0.786478
58	88	7634	0.784423
58	89	7626	0.783600
58	90	7616	0.782573
58	91	7628	0.783806
58	92	7590	0.779901
58	93	7608	0.781751
58	94	7560	0.776819
58	95	7620	0.782984
58	96	7586	0.779490
58	97	7572	0.778052
58	98	7602	0.781134
58	99	7640	0.785039
59	60	7654	0.786478
59	61	7628	0.783806
59	62	7618	0.782778
59	63	7612	0.782162
59	64	7628	0.783806
59	65	7622	0.783189
59	66	7692	0.790382
59	67	7626	0.783600
59	68	7644	0.785450
59	69	7556	0.776408
59	70	7640	0.785039
59	71	7632	0.784217
59	72	7634	0.784423
59	73	7724	0.793670
59	74	7622	0.783189
59	75	7618	0.782778
59	76	7712	0.792437
59	77	7638	0.784834
59	78	7712	0.792437
59	79	7634	0.784423
59	80	7702	0.791410
59	81	7612	0.782162
59	82	7668	0.787916
59	83	7596	0.780518
59	84	7610	0.781956
59	85	7650	0.786067
59	86	7644	0.785450
59	87	7654	0.786478
59	88	7646	0.785656
59	89	7666	0.787711
59	90	7624	0.783395
59	91	7632	0.784217
59	92	7662	0.787300
59	93	7608	0.781751
59	94	7678	0.788944
59	95	7666	0.787711
59	96	7498	0.770448
59	97	7654	0.786478
59	98	7662	0.787300
59	99	7610	0.781956
60	61	7600	0.780929
60	62	7622	0.783189
60	63	7652	0.786272
60	64	7624	0.783395
60	65	7614	0.782367
60	66	7594	0.780312
60	67	7642	0.785245
60	68	7624	0.783395
60	69	7626	0.783600
60	70	7688	0.789971
60	71	7662	0.787300
60	72	7642	0.785245
60	73	7640	0.785039
60	74	7684	0.789560
60	75	7620	0.782984
60	76	7704	0.791615
60	77	7646	0.785656
60	78	7656	0.786683
60	79	7638	0.784834
60	80	7600	0.780929
60	81	7726	0.793876
60	82	7646	0.785656
60	83	7670	0.788122
60	84	7706	0.791821
60	85	7610	0.781956
60	86	7652	0.786272
60	87	7632	0.784217
60	88	7634	0.784423
60	89	7624	0.783395
60	90	7630	0.784012
60	91	7642	0.785245
60	92	7628	0.783806
60	93	7620	0.782984
60	94	7654	0.786478
60	95	7610	0.781956
60	96	7610	0.781956
60	97	7648	0.785861
60	98	7680	0.789149
60	99	7638	0.784834
61	62	7600	0.780929
61	63	7576	0.778463
61	64	7578	0.778668
61	65	7594	0.780312
61	66	7652	0.786272
61	67	7622	0.783189
61	68	7598	0.780723
61	69	7608	0.781751
61	70	7630	0.784012
61	71	7642	0.785245
61	72	7670	0.788122
61	73	7606	0.781545
61	74	7596	0.780518
61	75	7622	0.783189
61	76	7654	0.786478
61	77	7604	0.781340
61	78	7636	0.784628
61	79	7634	0.784423
61	80	7614	0.782367
61	81	7642	0.785245
61	82	7648	0.785861
61	83	7634	0.784423
61	84	7664	0.787505
61	85	7634	0.784423
61	86	7600	0.780929
61	87	7636	0.784628
61	88	7614	0.782367
61	89	7626	0.783600
61	90	7622	0.783189
61	91	7634	0.784423
61	92	7622	0.783189
61	93	7658	0.786889
61	94	7638	0.784834
61	95	7608	0.781751
61	96	7622	0.783189
61	97	7632	0.784217
61	98	7628	0.783806
61	99	7628	0.783806
62	63	7594	0.780312
62	64	7598	0.780723
62	65	7616	0.782573
62	66	7606	0.781545
62	67	7598	0.780723
62	68	7662	0.787300
62	69	7696	0.790793
62	70	7662	0.787300
62	71	7644	0.785450
62	72	7664	0.787505
62	73	7530	0.773736
62	74	7612	0.782162
62	75	7606	0.781545
62	76	7602	0.781134
62	77	7560	0.776819
62	78	7590	0.779901
62	79	7644	0.785450
62	80	7616	0.782573
62	81	7618	0.782778
62	82	7612	0.782162
62	83	7634	0.784423
62	84	7650	0.786067
62	85	7652	0.786272
62	86	7676	0.788738
62	87	7660	0.787094
62	88	7686	0.789766
62	89	7626	0.783600
62	90	7598	0.780723
62	91	7636	0.784628
62	92	7632	0.784217
62	93	7594	0.780312
62	94	7664	0.787505
62	95	7618	0.782778
62	96	7584	0.779285
62	97	7640	0.785039
62	98	7612	0.782162
62	99	7592	0.780107
63	64	7562	0.777024
63	65	7552	0.775997
63	66	7588	0.779696
63	67	7604	0.781340
63	68	7658	0.786889
63	69	7582	0.779079
63	70	7678	0.788944
63	71	7596	0.780518
63	72	7606	0.781545
63	73	7608	0.781751
63	74	7658	0.786889
63	75	7584	0.779285
63	76	7544	0.775175
63	77	7608	0.781751
63	78	7592	0.780107
63	79	7598	0.780723
63	80	7652	0.786272
63	81	7642	0.785245
63	82	7600	0.780929
63	83	7636	0.784628
63	84	7644	0.785450
63	85	7612	0.782162
63	86	7608	0.781751
63	87	7604	0.781340
63	88	7592	0.780107
63	89	7650	0.786067
63	90	7604	0.781340
63	91	7618	0.782778
63	92	7602	0.781134
63	93	7632	0.784217
63	94	7600	0.780929
63	95	7650	0.786067
63	96	7582	0.779079
63	97	7634	0.784423
63	98	7582	0.779079
63	99	7624	0.783395
64	65	7516	0.772298
64	66	7532	0.773942
64	67	7604	0.781340
64	68	7606	0.781545
64	69	7642	0.785245
64	70	7648	0.785861
64	71	7576	0.778463
64	72	7556	0.776408
64	73	7630	0.784012
64	74	7582	0.779079
64	75	7580	0.778874
64	76	7600	0.780929
64	77	7618	0.782778
64	78	7644	0.785450
64	79	7642	0.785245
64	80	7632	0.784217
64	81	7676	0.788738
64	82	7642	0.785245
64	83	7614	0.782367
64	84	7662	0.787300
64	85	7570	0.777846
64	86	7650	0.786067
64	87	7596	0.780518
64	88	7616	0.782573
64	89	7638	0.784834
64	90	7608	0.781751
64	91	7624	0.783395
64	92	7642	0.785245
64	93	7602	0.781134
64	94	7600	0.780929
64	95	7618	0.782778
64	96	7616	0.782573
64	97	7608	0.781751
64	98	7628	0.783806
64	99	7574	0.778257
65	66	7620	0.782984
65	67	7628	0.783806
65	68	7528	0.773531
65	69	7612	0.782162
65	70	7674	0.788533
65	71	7556	0.776408
65	72	7676	0.788738
65	73	7622	0.783189
65	74	7650	0.786067
65	75	7570	0.777846
65	76	7634	0.784423
65	77	7644	0.785450
65	78	7606	0.781545
65	79	7656	0.786683
65	80	7656	0.786683
65	81	7640	0.785039
65	82	7624	0.783395
65	83	7636	0.784628
65	84	7656	0.786683
65	85	7640	0.785039
65	86	7638	0.784834
65	87	7626	0.783600
65	88	7634	0.784423
65	89	7692	0.790382
65	90	7592	0.780107
65	91	7690	0.790177
65	92	7618	0.782778
65	93	7594	0.780312
65	94	7616	0.782573
65	95	7592	0.780107
65	96	7622	0.783189
65	97	7614	0.782367
65	98	7580	0.778874
65	99	7600	0.780929
66	67	7626	0.783600
66	68	7630	0.784012
66	69	7680	0.789149
66	70	7630	0.784012
66	71	7648	0.785861
66	72	7602	0.781134
66	73	7632	0.784217
66	74	7606	0.781545
66	75	7622	0.783189
66	76	7634	0.784423
66	77	7604	0.781340
66	78	7658	0.786889
66	79	7624	0.783395
66	80	7620	0.782984
66	81	7620	0.782984
66	82	7600	0.780929
66	83	7658	0.786889
66	84	7654	0.786478
66	85	7598	0.780723
66	86	7654	0.786478
66	87	7566	0.777435
66	88	7582	0.779079
66	89	7622	0.783189
66	90	7598	0.780723
66	91	7616	0.782573
66	92	7610	0.781956
66	93	7614	0.782367
66	94	7602	0.781134
66	95	7640	0.785039
66	96	7556	0.776408
66	97	7614	0.782367
66	98	7612	0.782162
66	99	7608	0.781751
67	68	7610	0.781956
67	69	7674	0.788533
67	70	7630	0.784012
67	71	7620	0.782984
67	72	7710	0.792232
67	73	7654	0.786478
67	74	7662	0.787300
67	75	7602	0.781134
67	76	7632	0.784217
67	77	7604	0.781340
67	78	7654	0.786478
67	79	7650	0.786067
67	80	7604	0.781340
67	81	7602	0.781134
67	82	7638	0.784834
67	83	7646	0.785656
67	84	7640	0.785039
67	85	7564	0.777230
67	86	7658	0.786889
67	87	7654	0.786478
67	88	7598	0.780723
67	89	7634	0.784423
67	90	7644	0.785450
67	91	7630	0.784012
67	92	7640	0.785039
67	93	7612	0.782162
67	94	7660	0.787094
67	95	7586	0.779490
67	96	7654	0.786478
67	97	7622	0.783189
67	98	7650	0.786067
67	99	7594	0.780312
68	69	7622	0.783189
68	70	7664	0.787505
68	71	7596	0.780518
68	72	7644	0.785450
68	73	7626	0.783600
68	74	7578	0.778668
68	75	7614	0.782367
68	76	7646	0.785656
68	77	7612	0.782162
68	78	7636	0.784628
68	79	7676	0.788738
68	80	7638	0.784834
68	81	7624	0.783395
68	82	7636	0.784628
68	83	7642	0.785245
68	84	7654	0.786478
68	85	7662	0.787300
68	86	7670	0.788122
68	87	7630	0.784012
68	88	7652	0.786272
68	89	7606	0.781545
68	90	7588	0.779696
68	91	7652	0.786272
68	92	7604	0.781340
68	93	7588	0.779696
68	94	7666	0.787711
68	95	7636	0.784628
68	96	7630	0.784012
68	97	7638	0.784834
68	98	7632	0.784217
68	99	7594	0.780312
69	70	7666	0.787711
69	71	7622	0.783189
69	72	7706	0.791821
69	73	7666	0.787711
69	74	7646	0.785656
69	75	7652	0.786272
69	76	7582	0.779079
69	77	7648	0.785861
69	78	7670	0.788122
69	79	7606	0.781545
69	80	7666	0.787711
69	81	7602	0.781134
69	82	7666	0.787711
69	83	7608	0.781751
69	84	7656	0.786683
69	85	7648	0.785861
69	86	7628	0.783806
69	87	7642	0.785245
69	88	7622	0.783189
69	89	7630	0.784012
69	90	7586	0.779490
69	91	7632	0.784217
69	92	7634	0.784423
69	93	7610	0.781956
69	94	7620	0.782984
69	95	7618	0.782778
69	96	7612	0.782162
69	97	7596	0.780518
69	98	7606	0.781545
69	99	7606	0.781545
70	71	7668	0.787916
70	72	7706	0.791821
70	73	7660	0.787094
70	74	7626	0.783600
70	75	7652	0.786272
70	76	7706	0.791821
70	77	7600	0.780929
70	78	7722	0.793465
70	79	7654	0.786478
70	80	7670	0.788122
70	81	7714	0.792643
70	82	7652	0.786272
70	83	7630	0.784012
70	84	7670	0.788122
70	85	7616	0.782573
70	86	7684	0.789560
70	87	7658	0.786889
70	88	7646	0.785656
70	89	7642	0.785245
70	90	7670	0.788122
70	91	7658	0.786889
70	92	7656	0.786683
70	93	7634	0.784423
70	94	7640	0.785039
70	95	7674	0.788533
70	96	7674	0.788533
70	97	7676	0.788738
70	98	7652	0.786272
70	99	7680	0.789149
71	72	7650	0.786067
71	73	7626	0.783600
71	74	7636	0.784628
71	75	7654	0.786478
71	76	7682	0.789355
71	77	7644	0.785450
71	78	7688	0.789971
71	79	7638	0.784834
71	80	7626	0.783600
71	81	7636	0.784628
71	82	7568	0.777641
71	83	7688	0.789971
71	84	7646	0.785656
71	85	7640	0.785039
71	86	7652	0.786272
71	87	7614	0.782367
71	88	7626	0.783600
71	89	7610	0.781956
71	90	7602	0.781134
71	91	7664	0.787505
71	92	7618	0.782778
71	93	7620	0.782984
71	94	7618	0.782778
71	95	7658	0.786889
71	96	7594	0.780312
71	97	7646	0.785656
71	98	7608	0.781751
71	99	7618	0.782778
72	73	7600	0.780929
72	74	7680	0.789149
72	75	7592	0.780107
72	76	7626	0.783600
72	77	7566	0.777435
72	78	7600	0.780929
72	79	7654	0.786478
72	80	7622	0.783189
72	81	7626	0.783600
72	82	7626	0.783600
72	83	7662	0.787300
72	84	7610	0.781956
72	85	7688	0.789971
72	86	7638	0.784834
72	87	7642	0.785245
72	88	7636	0.784628
72	89	7660	0.787094
72	90	7622	0.783189
72	91	7666	0.787711
72	92	7678	0.788944
72	93	7638	0.784834
72	94	7588	0.779696
72	95	7662	0.787300
72	96	7604	0.781340
72	97	7632	0.784217
72	98	7620	0.782984
72	99	7600	0.780929
73	74	7614	0.782367
73	75	7666	0.787711
73	76	7594	0.780312
73	77	7574	0.778257
73	78	7654	0.786478
73	79	7612	0.782162
73	80	7606	0.781545
73	81	7632	0.784217
73	82	7608	0.781751
73	83	7580	0.778874
73	84	7648	0.785861
73	85	7630	0.784012
73	86	7622	0.783189
73	87	7662	0.787300
73	88	7614	0.782367
73	89	7606	0.781545
73	90	7598	0.780723
73	91	7622	0.783189
73	92	7638	0.784834
73	93	7628	0.783806
73	94	7628	0.783806
73	95	7640	0.785039
73	96	7596	0.780518
73	97	7576	0.778463
73	98	7562	0.777024
73	99	7590	0.779901
74	75	7644	0.785450
74	76	7634	0.784423
74	77	7624	0.783395
74	78	7698	0.790999
74	79	7638	0.784834
74	80	7622	0.783189
74	81	7636	0.784628
74	82	7638	0.784834
74	83	7616	0.782573
74	84	7620	0.782984
74	85	7586	0.779490
74	86	7578	0.778668
74	87	7676	0.788738
74	88	7630	0.784012
74	89	7628	0.783806
74	90	7662	0.787300
74	91	7656	0.786683
74	92	7610	0.781956
74	93	7574	0.778257
74	94	7656	0.786683
74	95	7660	0.787094
74	96	7588	0.779696
74	97	7658	0.786889
74	98	7622	0.783189
74	99	7610	0.781956
75	76	7680	0.789149
75	77	7660	0.787094
75	78	7616	0.782573
75	79	7644	0.785450
75	80	7616	0.782573
75	81	7664	0.787505
75	82	7640	0.785039
75	83	7662	0.787300
75	84	7664	0.787505
75	85	7652	0.786272
75	86	7664	0.787505
75	87	7672	0.788327
75	88	7632	0.784217
75	89	7662	0.787300
75	90	7630	0.784012
75	91	7644	0.785450
75	92	7564	0.777230
75	93	7580	0.778874
75	94	7626	0.783600
75	95	7652	0.786272
75	96	7606	0.781545
75	97	7648	0.785861
75	98	7568	0.777641
75	99	7570	0.777846
76	77	7676	0.788738
76	78	7602	0.781134
76	79	7660	0.787094
76	80	7656	0.786683
76	81	7666	0.787711
76	82	7624	0.783395
76	83	7588	0.779696
76	84	7636	0.784628
76	85	7652	0.786272
76	86	7628	0.783806
76	87	7664	0.787505
76	88	7658	0.786889
76	89	7622	0.783189
76	90	7616	0.782573
76	91	7648	0.785861
76	92	7644	0.785450
76	93	7618	0.782778
76	94	7624	0.783395
76	95	7624	0.783395
76	96	7630	0.784012
76	97	7636	0.784628
76	98	7644	0.785450
76	99	7618	0.782778
77	78	7650	0.786067
77	79	7556	0.776408
77	80	7644	0.785450
77	81	7606	0.781545
77	82	7620	0.782984
77	83	7616	0.782573
77	84	7638	0.784834
77	85	7666	0.787711
77	86	7656	0.786683
77	87	7626	0.783600
77	88	7684	0.789560
77	89	7636	0.784628
77	90	7614	0.782367
77	91	7658	0.786889
77	92	7688	0.789971
77	93	7596	0.780518
77	94	7640	0.785039
77	95	7652	0.786272
77	96	7632	0.784217
77	97	7630	0.784012
77	98	7656	0.786683
77	99	7596	0.780518
78	79	7668	0.787916
78	80	7636	0.784628
78	81	7654	0.786478
78	82	7618	0.782778
78	83	7682	0.789355
78	84	7680	0.789149
78	85	7634	0.784423
78	86	7714	0.792643
78	87	7650	0.786067
78	88	7682	0.789355
78	89	7692	0.790382
78	90	7644	0.785450
78	91	7652	0.786272
78	92	7636	0.784628
78	93	7604	0.781340
78	94	7646	0.785656
78	95	7654	0.786478
78	96	7632	0.784217
78	97	7658	0.786889
78	98	7640	0.785039
78	99	7604	0.781340
79	80	7618	0.782778
79	81	7646	0.785656
79	82	7580	0.778874
79	83	7602	0.781134
79	84	7626	0.783600
79	85	7622	0.783189
79	86	7668	0.787916
79	87	7588	0.779696
79	88	7656	0.786683
79	89	7634	0.784423
79	90	7644	0.785450
79	91	7628	0.783806
79	92	7646	0.785656
79	93	7626	0.783600
79	94	7604	0.781340
79	95	7592	0.780107
79	96	7678	0.788944
79	97	7666	0.787711
79	98	7618	0.782778
79	99	7652	0.786272
80	81	7656	0.786683
80	82	7642	0.785245
80	83	7654	0.786478
80	84	7658	0.786889
80	85	7578	0.778668
80	86	7634	0.784423
80	87	7614	0.782367
80	88	7650	0.786067
80	89	7632	0.784217
80	90	7646	0.785656
80	91	7618	0.782778
80	92	7618	0.782778
80	93	7572	0.778052
80	94	7658	0.786889
80	95	7552	0.775997
80	96	7620	0.782984
80	97	7564	0.777230
80	98	7602	0.781134
80	99	7598	0.780723
81	82	7666	0.787711
81	83	7660	0.787094
81	84	7560	0.776819
81	85	7672	0.788327
81	86	7658	0.786889
81	87	7666	0.787711
81	88	7648	0.785861
81	89	7638	0.784834
81	90	7700	0.791204
81	91	7652	0.786272
81	92	7622	0.783189
81	93	7640	0.785039
81	94	7650	0.786067
81	95	7628	0.783806
81	96	7650	0.786067
81	97	7624	0.783395
81	98	7628	0.783806
81	99	7626	0.783600
82	83	7632	0.784217
82	84	7622	0.783189
82	85	7604	0.781340
82	86	7646	0.785656
82	87	7670	0.788122
82	88	7608	0.781751
82	89	7654	0.786478
82	90	7634	0.784423
82	91	7638	0.784834
82	92	7602	0.781134
82	93	7606	0.781545
82	94	7596	0.780518
82	95	7674	0.788533
82	96	7626	0.783600
82	97	7576	0.778463
82	98	7588	0.779696
82	99	7670	0.788122
83	84	7628	0.783806
83	85	7652	0.786272
83	86	7610	0.781956
83	87	7650	0.786067
83	88	7630	0.784012
83	89	7636	0.784628
83	90	7618	0.782778
83	91	7626	0.783600
83	92	7574	0.778257
83	93	7640	0.785039
83	94	7640	0.785039
83	95	7604	0.781340
83	96	7608	0.781751
83	97	7640	0.785039
83	98	7622	0.783189
83	99	7610	0.781956
84	85	7646	0.785656
84	86	7650	0.786067
84	87	7700	0.791204
84	88	7692	0.790382
84	89	7636	0.784628
84	90	7648	0.785861
84	91	7656	0.786683
84	92	7618	0.782778
84	93	7658	0.786889
84	94	7644	0.785450
84	95	7642	0.785245
84	96	7640	0.785039
84	97	7650	0.786067
84	98	7678	0.788944
84	99	7642	0.785245
85	86	7660	0.787094
85	87	7636	0.784628
85	88	7640	0.785039
85	89	7664	0.787505
85	90	7676	0.788738
85	91	7664	0.787505
85	92	7650	0.786067
85	93	7588	0.779696
85	94	7616	0.782573
85	95	7634	0.784423
85	96	7658	0.786889
85	97	7672	0.788327
85	98	7650	0.786067
85	99	7620	0.782984
86	87	7664	0.787505
86	88	7668	0.787916
86	89	7648	0.785861
86	90	7662	0.787300
86	91	7606	0.781545
86	92	7628	0.783806
86	93	7622	0.783189
86	94	7618	0.782778
86	95	7724	0.793670
86	96	7626	0.783600
86	97	7628	0.783806
86	98	7656	0.786683
86	99	7642	0.785245
87	88	7612	0.782162
87	89	7636	0.784628
87	90	7626	0.783600
87	91	7634	0.784423
87	92	7640	0.785039
87	93	7610	0.781956
87	94	7656	0.786683
87	95	7700	0.791204
87	96	7626	0.783600
87	97	7652	0.786272
87	98	7646	0.785656
87	99	7624	0.783395
88	89	7642	0.785245
88	90	7694	0.790588
88	91	7684	0.789560
88	92	7618	0.782778
88	93	7614	0.782367
88	94	7634	0.784423
88	95	7644	0.785450
88	96	7626	0.783600
88	97	7624	0.783395
88	98	7638	0.784834
88	99	7602	0.781134
89	90	7576	0.778463
89	91	7652	0.786272
89	92	7686	0.789766
89	93	7660	0.787094
89	94	7634	0.784423
89	95	7648	0.785861
89	96	7620	0.782984
89	97	7636	0.784628
89	98	7654	0.786478
89	99	7622	0.783189
90	91	7606	0.781545
90	92	7652	0.786272
90	93	7580	0.778874
90	94	7628	0.783806
90	95	7588	0.779696
90	96	7598	0.780723
90	97	7608	0.781751
90	98	7556	0.776408
90	99	7602	0.781134
91	92	7620	0.782984
91	93	7582	0.779079
91	94	7652	0.786272
91	95	7612	0.782162
91	96	7628	0.783806
91	97	7656	0.786683
91	98	7670	0.788122
91	99	7650	0.786067
92	93	7584	0.779285
92	94	7632	0.784217
92	95	7614	0.782367
92	96	7596	0.780518
92	97	7632	0.784217
92	98	7628	0.783806
92	99	7630	0.784012
93	94	7616	0.782573
93	95	7644	0.785450
93	96	7578	0.778668
93	97	7620	0.782984
93	98	7650	0.786067
93	99	7638	0.784834
94	95	7664	0.787505
94	96	7608	0.781751
94	97	7656	0.786683
94	98	7602	0.781134
94	99	7612	0.782162
95	96	7658	0.786889
95	97	7608	0.781751
95	98	7612	0.782162
95	99	7598	0.780723
96	97	7614	0.782367
96	98	7624	0.783395
96	99	7582	0.779079
97	98	7602	0.781134
97	99	7602	0.781134
98	99	7554	0.776202
