0	1	4538	0.782684
0	2	4506	0.777165
0	3	4464	0.769921
0	4	4538	0.782684
0	5	4482	0.773025
0	6	4546	0.784063
0	7	4484	0.773370
0	8	4484	0.773370
0	9	4486	0.773715
0	10	4506	0.777165
0	11	4512	0.778199
0	12	4506	0.777165
0	13	4496	0.775440
0	14	4506	0.777165
0	15	4506	0.777165
0	16	4520	0.779579
0	17	4526	0.780614
0	18	4518	0.779234
0	19	4460	0.769231
0	20	4556	0.785788
0	21	4568	0.787858
0	22	4508	0.777509
0	23	4546	0.784063
0	24	4502	0.776475
0	25	4468	0.770611
0	26	4520	0.779579
0	27	4516	0.778889
0	28	4492	0.774750
0	29	4532	0.781649
0	30	4530	0.781304
0	31	4532	0.781649
0	32	4532	0.781649
0	33	4566	0.787513
0	34	4528	0.780959
0	35	4548	0.784408
0	36	4492	0.774750
0	37	4536	0.782339
0	38	4500	0.776130
0	39	4532	0.781649
0	40	4500	0.776130
0	41	4530	0.781304
0	42	4532	0.781649
0	43	4502	0.776475
0	44	4518	0.779234
0	45	4516	0.778889
0	46	4510	0.777854
0	47	4544	0.783719
0	48	4554	0.785443
0	49	4530	0.781304
0	50	4548	0.784408
0	51	4472	0.771300
0	52	4520	0.779579
0	53	4534	0.781994
0	54	4548	0.784408
0	55	4498	0.775785
0	56	4522	0.779924
0	57	4546	0.784063
0	58	4536	0.782339
0	59	4516	0.778889
0	60	4538	0.782684
0	61	4528	0.780959
0	62	4534	0.781994
0	63	4494	0.775095
0	64	4536	0.782339
0	65	4516	0.778889
0	66	4514	0.778544
0	67	4494	0.775095
0	68	4592	0.791997
0	69	4512	0.778199
0	70	4510	0.777854
0	71	4440	0.765781
0	72	4540	0.783029
0	73	4528	0.780959
0	74	4592	0.791997
0	75	4528	0.780959
0	76	4536	0.782339
0	77	4530	0.781304
0	78	4528	0.780959
0	79	4534	0.781994
0	80	4522	0.779924
0	81	4566	0.787513
0	82	4526	0.780614
0	83	4524	0.780269
0	84	4514	0.778544
0	85	4550	0.784753
0	86	4520	0.779579
0	87	4540	0.783029
0	88	4548	0.784408
0	89	4518	0.779234
0	90	4546	0.784063
0	91	4514	0.778544
0	92	4546	0.784063
0	93	4530	0.781304
0	94	4550	0.784753
0	95	4544	0.783719
0	96	4540	0.783029
0	97	4504	0.776820
0	98	4562	0.786823
0	99	4562	0.786823
1	2	4526	0.780614
1	3	4484	0.773370
1	4	4516	0.778889
1	5	4508	0.777509
1	6	4508	0.777509
1	7	4520	0.779579
1	8	4514	0.778544
1	9	4524	0.780269
1	10	4504	0.776820
1	11	4530	0.781304
1	12	4482	0.773025
1	13	4530	0.781304
1	14	4476	0.771990
1	15	4498	0.775785
1	16	4512	0.778199
1	17	4532	0.781649
1	18	4574	0.788893
1	19	4536	0.782339
1	20	4512	0.778199
1	21	4544	0.783719
1	22	4556	0.785788
1	23	4532	0.781649
1	24	4508	0.777509
1	25	4552	0.785098
1	26	4536	0.782339
1	27	4496	0.775440
1	28	4544	0.783719
1	29	4492	0.774750
1	30	4518	0.779234
1	31	4550	0.784753
1	32	4534	0.781994
1	33	4524	0.780269
1	34	4494	0.775095
1	35	4502	0.776475
1	36	4536	0.782339
1	37	4532	0.781649
1	38	4522	0.779924
1	39	4500	0.776130
1	40	4486	0.773715
1	41	4540	0.783029
1	42	4516	0.778889
1	43	4502	0.776475
1	44	4488	0.774060
1	45	4482	0.773025
1	46	4542	0.783374
1	47	4532	0.781649
1	48	4512	0.778199
1	49	4510	0.777854
1	50	4528	0.780959
1	51	4512	0.778199
1	52	4534	0.781994
1	53	4528	0.780959
1	54	4560	0.786478
1	55	4482	0.773025
1	56	4520	0.779579
1	57	4540	0.783029
1	58	4512	0.778199
1	59	4498	0.775785
1	60	4546	0.784063
1	61	4530	0.781304
1	62	4520	0.779579
1	63	4486	0.773715
1	64	4520	0.779579
1	65	4494	0.775095
1	66	4530	0.781304
1	67	4546	0.784063
1	68	4552	0.785098
1	69	4496	0.775440
1	70	4514	0.778544
1	71	4502	0.776475
1	72	4478	0.772335
1	73	4520	0.779579
1	74	4576	0.789238
1	75	4530	0.781304
1	76	4554	0.785443
1	77	4520	0.779579
1	78	4558	0.786133
1	79	4502	0.776475
1	80	4546	0.784063
1	81	4562	0.786823
1	82	4536	0.782339
1	83	4540	0.783029
1	84	4552	0.785098
1	85	4518	0.779234
1	86	4520	0.779579
1	87	4554	0.785443
1	88	4486	0.773715
1	89	4492	0.774750
1	90	4542	0.783374
1	91	4550	0.784753
1	92	4568	0.787858
1	93	4524	0.780269
1	94	4568	0.787858
1	95	4564	0.787168
1	96	4558	0.786133
1	97	4548	0.784408
1	98	4580	0.789928
1	99	4582	0.790273
2	3	4482	0.773025
2	4	4506	0.777165
2	5	4494	0.775095
2	6	4558	0.786133
2	7	4510	0.777854
2	8	4502	0.776475
2	9	4514	0.778544
2	10	4514	0.778544
2	11	4512	0.778199
2	12	4532	0.781649
2	13	4530	0.781304
2	14	4538	0.782684
2	15	4526	0.780614
2	16	4546	0.784063
2	17	4526	0.780614
2	18	4502	0.776475
2	19	4504	0.776820
2	20	4514	0.778544
2	21	4512	0.778199
2	22	4538	0.782684
2	23	4520	0.779579
2	24	4546	0.784063
2	25	4516	0.778889
2	26	4502	0.776475
2	27	4554	0.785443
2	28	4524	0.780269
2	29	4480	0.772680
2	30	4540	0.783029
2	31	4498	0.775785
2	32	4550	0.784753
2	33	4510	0.777854
2	34	4534	0.781994
2	35	4486	0.773715
2	36	4530	0.781304
2	37	4534	0.781994
2	38	4556	0.785788
2	39	4522	0.779924
2	40	4532	0.781649
2	41	4542	0.783374
2	42	4528	0.780959
2	43	4520	0.779579
2	44	4538	0.782684
2	45	4566	0.787513
2	46	4554	0.785443
2	47	4514	0.778544
2	48	4562	0.786823
2	49	4512	0.778199
2	50	4508	0.777509
2	51	4518	0.779234
2	52	4536	0.782339
2	53	4526	0.780614
2	54	4486	0.773715
2	55	4522	0.779924
2	56	4546	0.784063
2	57	4532	0.781649
2	58	4530	0.781304
2	59	4534	0.781994
2	60	4536	0.782339
2	61	4528	0.780959
2	62	4554	0.785443
2	63	4538	0.782684
2	64	4564	0.787168
2	65	4524	0.780269
2	66	4526	0.780614
2	67	4520	0.779579
2	68	4534	0.781994
2	69	4508	0.777509
2	70	4532	0.781649
2	71	4530	0.781304
2	72	4570	0.788203
2	73	4528	0.780959
2	74	4552	0.785098
2	75	4504	0.776820
2	76	4516	0.778889
2	77	4446	0.766816
2	78	4490	0.774405
2	79	4562	0.786823
2	80	4534	0.781994
2	81	4534	0.781994
2	82	4556	0.785788
2	83	4506	0.777165
2	84	4536	0.782339
2	85	4528	0.780959
2	86	4536	0.782339
2	87	4580	0.789928
2	88	4530	0.781304
2	89	4566	0.787513
2	90	4562	0.786823
2	91	4518	0.779234
2	92	4584	0.790617
2	93	4546	0.784063
2	94	4562	0.786823
2	95	4580	0.789928
2	96	4584	0.790617
2	97	4546	0.784063
2	98	4538	0.782684
2	99	4558	0.786133
3	4	4542	0.783374
3	5	4516	0.778889
3	6	4524	0.780269
3	7	4468	0.770611
3	8	4524	0.780269
3	9	4524	0.780269
3	10	4526	0.780614
3	11	4508	0.777509
3	12	4506	0.777165
3	13	4492	0.774750
3	14	4512	0.778199
3	15	4560	0.786478
3	16	4504	0.776820
3	17	4484	0.773370
3	18	4512	0.778199
3	19	4516	0.778889
3	20	4526	0.780614
3	21	4522	0.779924
3	22	4538	0.782684
3	23	4476	0.771990
3	24	4498	0.775785
3	25	4532	0.781649
3	26	4484	0.773370
3	27	4472	0.771300
3	28	4556	0.785788
3	29	4532	0.781649
3	30	4560	0.786478
3	31	4482	0.773025
3	32	4518	0.779234
3	33	4516	0.778889
3	34	4482	0.773025
3	35	4530	0.781304
3	36	4510	0.777854
3	37	4522	0.779924
3	38	4544	0.783719
3	39	4522	0.779924
3	40	4508	0.777509
3	41	4500	0.776130
3	42	4502	0.776475
3	43	4542	0.783374
3	44	4524	0.780269
3	45	4566	0.787513
3	46	4558	0.786133
3	47	4504	0.776820
3	48	4534	0.781994
3	49	4510	0.777854
3	50	4510	0.777854
3	51	4514	0.778544
3	52	4526	0.780614
3	53	4498	0.775785
3	54	4568	0.787858
3	55	4534	0.781994
3	56	4500	0.776130
3	57	4500	0.776130
3	58	4546	0.784063
3	59	4508	0.777509
3	60	4502	0.776475
3	61	4490	0.774405
3	62	4516	0.778889
3	63	4510	0.777854
3	64	4478	0.772335
3	65	4538	0.782684
3	66	4528	0.780959
3	67	4554	0.785443
3	68	4526	0.780614
3	69	4518	0.779234
3	70	4554	0.785443
3	71	4518	0.779234
3	72	4516	0.778889
3	73	4496	0.775440
3	74	4544	0.783719
3	75	4512	0.778199
3	76	4558	0.786133
3	77	4522	0.779924
3	78	4522	0.779924
3	79	4538	0.782684
3	80	4540	0.783029
3	81	4564	0.787168
3	82	4530	0.781304
3	83	4524	0.780269
3	84	4498	0.775785
3	85	4506	0.777165
3	86	4536	0.782339
3	87	4520	0.779579
3	88	4530	0.781304
3	89	4492	0.774750
3	90	4530	0.781304
3	91	4554	0.785443
3	92	4562	0.786823
3	93	4502	0.776475
3	94	4558	0.786133
3	95	4514	0.778544
3	96	4534	0.781994
3	97	4540	0.783029
3	98	4554	0.785443
3	99	4596	0.792687
4	5	4512	0.778199
4	6	4548	0.784408
4	7	4486	0.773715
4	8	4558	0.786133
4	9	4524	0.780269
4	10	4532	0.781649
4	11	4542	0.783374
4	12	4500	0.776130
4	13	4492	0.774750
4	14	4540	0.783029
4	15	4538	0.782684
4	16	4542	0.783374
4	17	4548	0.784408
4	18	4518	0.779234
4	19	4564	0.787168
4	20	4556	0.785788
4	21	4526	0.780614
4	22	4574	0.788893
4	23	4528	0.780959
4	24	4484	0.773370
4	25	4522	0.779924
4	26	4542	0.783374
4	27	4552	0.785098
4	28	4534	0.781994
4	29	4508	0.777509
4	30	4548	0.784408
4	31	4490	0.774405
4	32	4538	0.782684
4	33	4524	0.780269
4	34	4564	0.787168
4	35	4510	0.777854
4	36	4532	0.781649
4	37	4540	0.783029
4	38	4542	0.783374
4	39	4594	0.792342
4	40	4516	0.778889
4	41	4548	0.784408
4	42	4526	0.780614
4	43	4538	0.782684
4	44	4532	0.781649
4	45	4558	0.786133
4	46	4550	0.784753
4	47	4530	0.781304
4	48	4524	0.780269
4	49	4534	0.781994
4	50	4554	0.785443
4	51	4552	0.785098
4	52	4538	0.782684
4	53	4542	0.783374
4	54	4514	0.778544
4	55	4540	0.783029
4	56	4508	0.777509
4	57	4522	0.779924
4	58	4536	0.782339
4	59	4548	0.784408
4	60	4520	0.779579
4	61	4544	0.783719
4	62	4550	0.784753
4	63	4520	0.779579
4	64	4552	0.785098
4	65	4546	0.784063
4	66	4538	0.782684
4	67	4526	0.780614
4	68	4552	0.785098
4	69	4512	0.778199
4	70	4516	0.778889
4	71	4514	0.778544
4	72	4524	0.780269
4	73	4534	0.781994
4	74	4532	0.781649
4	75	4538	0.782684
4	76	4582	0.790273
4	77	4562	0.786823
4	78	4524	0.780269
4	79	4544	0.783719
4	80	4524	0.780269
4	81	4562	0.786823
4	82	4540	0.783029
4	83	4532	0.781649
4	84	4526	0.780614
4	85	4562	0.786823
4	86	4536	0.782339
4	87	4574	0.788893
4	88	4560	0.786478
4	89	4492	0.774750
4	90	4568	0.787858
4	91	4558	0.786133
4	92	4586	0.790962
4	93	4542	0.783374
4	94	4526	0.780614
4	95	4562	0.786823
4	96	4594	0.792342
4	97	4570	0.788203
4	98	4584	0.790617
4	99	4596	0.792687
5	6	4516	0.778889
5	7	4520	0.779579
5	8	4546	0.784063
5	9	4522	0.779924
5	10	4544	0.783719
5	11	4536	0.782339
5	12	4514	0.778544
5	13	4532	0.781649
5	14	4502	0.776475
5	15	4522	0.779924
5	16	4552	0.785098
5	17	4524	0.780269
5	18	4532	0.781649
5	19	4554	0.785443
5	20	4534	0.781994
5	21	4546	0.784063
5	22	4566	0.787513
5	23	4542	0.783374
5	24	4496	0.775440
5	25	4528	0.780959
5	26	4510	0.777854
5	27	4540	0.783029
5	28	4534	0.781994
5	29	4564	0.787168
5	30	4538	0.782684
5	31	4536	0.782339
5	32	4540	0.783029
5	33	4556	0.785788
5	34	4524	0.780269
5	35	4522	0.779924
5	36	4540	0.783029
5	37	4526	0.780614
5	38	4550	0.784753
5	39	4550	0.784753
5	40	4552	0.785098
5	41	4538	0.782684
5	42	4538	0.782684
5	43	4542	0.783374
5	44	4568	0.787858
5	45	4542	0.783374
5	46	4510	0.777854
5	47	4536	0.782339
5	48	4532	0.781649
5	49	4552	0.785098
5	50	4550	0.784753
5	51	4522	0.779924
5	52	4510	0.777854
5	53	4552	0.785098
5	54	4508	0.777509
5	55	4576	0.789238
5	56	4480	0.772680
5	57	4574	0.788893
5	58	4530	0.781304
5	59	4554	0.785443
5	60	4532	0.781649
5	61	4546	0.784063
5	62	4552	0.785098
5	63	4544	0.783719
5	64	4562	0.786823
5	65	4510	0.777854
5	66	4536	0.782339
5	67	4542	0.783374
5	68	4580	0.789928
5	69	4546	0.784063
5	70	4518	0.779234
5	71	4506	0.777165
5	72	4580	0.789928
5	73	4530	0.781304
5	74	4562	0.786823
5	75	4538	0.782684
5	76	4548	0.784408
5	77	4520	0.779579
5	78	4544	0.783719
5	79	4556	0.785788
5	80	4534	0.781994
5	81	4554	0.785443
5	82	4546	0.784063
5	83	4538	0.782684
5	84	4576	0.789238
5	85	4540	0.783029
5	86	4576	0.789238
5	87	4512	0.778199
5	88	4548	0.784408
5	89	4536	0.782339
5	90	4600	0.793377
5	91	4546	0.784063
5	92	4552	0.785098
5	93	4540	0.783029
5	94	4572	0.788548
5	95	4542	0.783374
5	96	4560	0.786478
5	97	4556	0.785788
5	98	4534	0.781994
5	99	4582	0.790273
6	7	4522	0.779924
6	8	4562	0.786823
6	9	4556	0.785788
6	10	4534	0.781994
6	11	4520	0.779579
6	12	4506	0.777165
6	13	4548	0.784408
6	14	4494	0.775095
6	15	4562	0.786823
6	16	4486	0.773715
6	17	4558	0.786133
6	18	4558	0.786133
6	19	4544	0.783719
6	20	4534	0.781994
6	21	4522	0.779924
6	22	4526	0.780614
6	23	4518	0.779234
6	24	4550	0.784753
6	25	4578	0.789583
6	26	4536	0.782339
6	27	4506	0.777165
6	28	4544	0.783719
6	29	4512	0.778199
6	30	4534	0.781994
6	31	4580	0.789928
6	32	4534	0.781994
6	33	4546	0.784063
6	34	4548	0.784408
6	35	4542	0.783374
6	36	4530	0.781304
6	37	4548	0.784408
6	38	4500	0.776130
6	39	4532	0.781649
6	40	4550	0.784753
6	41	4558	0.786133
6	42	4520	0.779579
6	43	4528	0.780959
6	44	4556	0.785788
6	45	4500	0.776130
6	46	4532	0.781649
6	47	4496	0.775440
6	48	4512	0.778199
6	49	4544	0.783719
6	50	4536	0.782339
6	51	4552	0.785098
6	52	4570	0.788203
6	53	4578	0.789583
6	54	4544	0.783719
6	55	4552	0.785098
6	56	4512	0.778199
6	57	4536	0.782339
6	58	4562	0.786823
6	59	4550	0.784753
6	60	4508	0.777509
6	61	4566	0.787513
6	62	4560	0.786478
6	63	4572	0.788548
6	64	4554	0.785443
6	65	4538	0.782684
6	66	4536	0.782339
6	67	4536	0.782339
6	68	4548	0.784408
6	69	4562	0.786823
6	70	4536	0.782339
6	71	4546	0.784063
6	72	4554	0.785443
6	73	4512	0.778199
6	74	4542	0.783374
6	75	4532	0.781649
6	76	4572	0.788548
6	77	4532	0.781649
6	78	4524	0.780269
6	79	4620	0.796826
6	80	4548	0.784408
6	81	4550	0.784753
6	82	4506	0.777165
6	83	4556	0.785788
6	84	4578	0.789583
6	85	4536	0.782339
6	86	4524	0.780269
6	87	4526	0.780614
6	88	4560	0.786478
6	89	4526	0.780614
6	90	4558	0.786133
6	91	4562	0.786823
6	92	4564	0.787168
6	93	4550	0.784753
6	94	4556	0.785788
6	95	4582	0.790273
6	96	4556	0.785788
6	97	4560	0.786478
6	98	4560	0.786478
6	99	4578	0.789583
7	8	4534	0.781994
7	9	4504	0.776820
7	10	4494	0.775095
7	11	4508	0.777509
7	12	4498	0.775785
7	13	4516	0.778889
7	14	4514	0.778544
7	15	4474	0.771645
7	16	4476	0.771990
7	17	4436	0.765091
7	18	4530	0.781304
7	19	4518	0.779234
7	20	4508	0.777509
7	21	4500	0.776130
7	22	4540	0.783029
7	23	4514	0.778544
7	24	4466	0.770266
7	25	4482	0.773025
7	26	4506	0.777165
7	27	4496	0.775440
7	28	4510	0.777854
7	29	4490	0.774405
7	30	4504	0.776820
7	31	4502	0.776475
7	32	4522	0.779924
7	33	4556	0.785788
7	34	4496	0.775440
7	35	4494	0.775095
7	36	4494	0.775095
7	37	4516	0.778889
7	38	4500	0.776130
7	39	4506	0.777165
7	40	4498	0.775785
7	41	4526	0.780614
7	42	4524	0.780269
7	43	4514	0.778544
7	44	4510	0.777854
7	45	4544	0.783719
7	46	4482	0.773025
7	47	4512	0.778199
7	48	4506	0.777165
7	49	4522	0.779924
7	50	4502	0.776475
7	51	4538	0.782684
7	52	4456	0.768541
7	53	4514	0.778544
7	54	4540	0.783029
7	55	4520	0.779579
7	56	4478	0.772335
7	57	4542	0.783374
7	58	4536	0.782339
7	59	4506	0.777165
7	60	4494	0.775095
7	61	4526	0.780614
7	62	4516	0.778889
7	63	4492	0.774750
7	64	4470	0.770956
7	65	4482	0.773025
7	66	4520	0.779579
7	67	4512	0.778199
7	68	4530	0.781304
7	69	4516	0.778889
7	70	4496	0.775440
7	71	4464	0.769921
7	72	4506	0.777165
7	73	4470	0.770956
7	74	4552	0.785098
7	75	4542	0.783374
7	76	4568	0.787858
7	77	4482	0.773025
7	78	4498	0.775785
7	79	4510	0.777854
7	80	4522	0.779924
7	81	4516	0.778889
7	82	4478	0.772335
7	83	4506	0.777165
7	84	4544	0.783719
7	85	4488	0.774060
7	86	4516	0.778889
7	87	4530	0.781304
7	88	4534	0.781994
7	89	4484	0.773370
7	90	4500	0.776130
7	91	4510	0.777854
7	92	4484	0.773370
7	93	4510	0.777854
7	94	4532	0.781649
7	95	4506	0.777165
7	96	4540	0.783029
7	97	4542	0.783374
7	98	4548	0.784408
7	99	4526	0.780614
8	9	4524	0.780269
8	10	4528	0.780959
8	11	4500	0.776130
8	12	4506	0.777165
8	13	4588	0.791307
8	14	4494	0.775095
8	15	4496	0.775440
8	16	4482	0.773025
8	17	4540	0.783029
8	18	4494	0.775095
8	19	4500	0.776130
8	20	4526	0.780614
8	21	4506	0.777165
8	22	4532	0.781649
8	23	4528	0.780959
8	24	4546	0.784063
8	25	4514	0.778544
8	26	4536	0.782339
8	27	4480	0.772680
8	28	4530	0.781304
8	29	4524	0.780269
8	30	4516	0.778889
8	31	4460	0.769231
8	32	4528	0.780959
8	33	4508	0.777509
8	34	4498	0.775785
8	35	4510	0.777854
8	36	4520	0.779579
8	37	4530	0.781304
8	38	4524	0.780269
8	39	4538	0.782684
8	40	4500	0.776130
8	41	4552	0.785098
8	42	4546	0.784063
8	43	4578	0.789583
8	44	4522	0.779924
8	45	4530	0.781304
8	46	4556	0.785788
8	47	4488	0.774060
8	48	4496	0.775440
8	49	4516	0.778889
8	50	4542	0.783374
8	51	4486	0.773715
8	52	4518	0.779234
8	53	4508	0.777509
8	54	4552	0.785098
8	55	4526	0.780614
8	56	4530	0.781304
8	57	4544	0.783719
8	58	4516	0.778889
8	59	4482	0.773025
8	60	4510	0.777854
8	61	4508	0.777509
8	62	4560	0.786478
8	63	4510	0.777854
8	64	4526	0.780614
8	65	4542	0.783374
8	66	4568	0.787858
8	67	4512	0.778199
8	68	4514	0.778544
8	69	4512	0.778199
8	70	4530	0.781304
8	71	4558	0.786133
8	72	4492	0.774750
8	73	4518	0.779234
8	74	4534	0.781994
8	75	4508	0.777509
8	76	4576	0.789238
8	77	4524	0.780269
8	78	4494	0.775095
8	79	4546	0.784063
8	80	4520	0.779579
8	81	4548	0.784408
8	82	4540	0.783029
8	83	4530	0.781304
8	84	4534	0.781994
8	85	4504	0.776820
8	86	4578	0.789583
8	87	4552	0.785098
8	88	4510	0.777854
8	89	4554	0.785443
8	90	4520	0.779579
8	91	4490	0.774405
8	92	4578	0.789583
8	93	4532	0.781649
8	94	4540	0.783029
8	95	4568	0.787858
8	96	4550	0.784753
8	97	4500	0.776130
8	98	4566	0.787513
8	99	4562	0.786823
9	10	4510	0.777854
9	11	4524	0.780269
9	12	4498	0.775785
9	13	4506	0.777165
9	14	4516	0.778889
9	15	4476	0.771990
9	16	4522	0.779924
9	17	4542	0.783374
9	18	4520	0.779579
9	19	4530	0.781304
9	20	4504	0.776820
9	21	4534	0.781994
9	22	4520	0.779579
9	23	4478	0.772335
9	24	4534	0.781994
9	25	4540	0.783029
9	26	4550	0.784753
9	27	4532	0.781649
9	28	4532	0.781649
9	29	4488	0.774060
9	30	4528	0.780959
9	31	4508	0.777509
9	32	4506	0.777165
9	33	4558	0.786133
9	34	4544	0.783719
9	35	4512	0.778199
9	36	4544	0.783719
9	37	4492	0.774750
9	38	4556	0.785788
9	39	4502	0.776475
9	40	4532	0.781649
9	41	4556	0.785788
9	42	4532	0.781649
9	43	4512	0.778199
9	44	4550	0.784753
9	45	4532	0.781649
9	46	4538	0.782684
9	47	4510	0.777854
9	48	4506	0.777165
9	49	4536	0.782339
9	50	4576	0.789238
9	51	4486	0.773715
9	52	4560	0.786478
9	53	4568	0.787858
9	54	4540	0.783029
9	55	4562	0.786823
9	56	4538	0.782684
9	57	4540	0.783029
9	58	4554	0.785443
9	59	4514	0.778544
9	60	4512	0.778199
9	61	4548	0.784408
9	62	4528	0.780959
9	63	4508	0.777509
9	64	4548	0.784408
9	65	4546	0.784063
9	66	4554	0.785443
9	67	4540	0.783029
9	68	4604	0.794067
9	69	4554	0.785443
9	70	4502	0.776475
9	71	4560	0.786478
9	72	4488	0.774060
9	73	4584	0.790617
9	74	4546	0.784063
9	75	4550	0.784753
9	76	4542	0.783374
9	77	4532	0.781649
9	78	4532	0.781649
9	79	4566	0.787513
9	80	4548	0.784408
9	81	4532	0.781649
9	82	4526	0.780614
9	83	4524	0.780269
9	84	4546	0.784063
9	85	4526	0.780614
9	86	4514	0.778544
9	87	4550	0.784753
9	88	4548	0.784408
9	89	4500	0.776130
9	90	4580	0.789928
9	91	4538	0.782684
9	92	4588	0.791307
9	93	4528	0.780959
9	94	4520	0.779579
9	95	4544	0.783719
9	96	4542	0.783374
9	97	4554	0.785443
9	98	4586	0.790962
9	99	4562	0.786823
10	11	4544	0.783719
10	12	4516	0.778889
10	13	4524	0.780269
10	14	4512	0.778199
10	15	4514	0.778544
10	16	4518	0.779234
10	17	4548	0.784408
10	18	4542	0.783374
10	19	4514	0.778544
10	20	4562	0.786823
10	21	4546	0.784063
10	22	4532	0.781649
10	23	4540	0.783029
10	24	4540	0.783029
10	25	4528	0.780959
10	26	4576	0.789238
10	27	4512	0.778199
10	28	4544	0.783719
10	29	4536	0.782339
10	30	4548	0.784408
10	31	4492	0.774750
10	32	4548	0.784408
10	33	4546	0.784063
10	34	4514	0.778544
10	35	4532	0.781649
10	36	4500	0.776130
10	37	4542	0.783374
10	38	4502	0.776475
10	39	4564	0.787168
10	40	4500	0.776130
10	41	4548	0.784408
10	42	4532	0.781649
10	43	4526	0.780614
10	44	4554	0.785443
10	45	4564	0.787168
10	46	4550	0.784753
10	47	4534	0.781994
10	48	4524	0.780269
10	49	4494	0.775095
10	50	4596	0.792687
10	51	4524	0.780269
10	52	4552	0.785098
10	53	4536	0.782339
10	54	4524	0.780269
10	55	4518	0.779234
10	56	4548	0.784408
10	57	4562	0.786823
10	58	4546	0.784063
10	59	4526	0.780614
10	60	4506	0.777165
10	61	4550	0.784753
10	62	4556	0.785788
10	63	4542	0.783374
10	64	4588	0.791307
10	65	4516	0.778889
10	66	4552	0.785098
10	67	4506	0.777165
10	68	4574	0.788893
10	69	4534	0.781994
10	70	4552	0.785098
10	71	4502	0.776475
10	72	4546	0.784063
10	73	4508	0.777509
10	74	4528	0.780959
10	75	4536	0.782339
10	76	4552	0.785098
10	77	4526	0.780614
10	78	4530	0.781304
10	79	4532	0.781649
10	80	4532	0.781649
10	81	4512	0.778199
10	82	4562	0.786823
10	83	4566	0.787513
10	84	4524	0.780269
10	85	4566	0.787513
10	86	4578	0.789583
10	87	4588	0.791307
10	88	4520	0.779579
10	89	4546	0.784063
10	90	4588	0.791307
10	91	4484	0.773370
10	92	4534	0.781994
10	93	4590	0.791652
10	94	4560	0.786478
10	95	4542	0.783374
10	96	4584	0.790617
10	97	4514	0.778544
10	98	4570	0.788203
10	99	4568	0.787858
11	12	4508	0.777509
11	13	4536	0.782339
11	14	4538	0.782684
11	15	4530	0.781304
11	16	4480	0.772680
11	17	4566	0.787513
11	18	4496	0.775440
11	19	4542	0.783374
11	20	4532	0.781649
11	21	4558	0.786133
11	22	4484	0.773370
11	23	4498	0.775785
11	24	4506	0.777165
11	25	4552	0.785098
11	26	4536	0.782339
11	27	4514	0.778544
11	28	4504	0.776820
11	29	4528	0.780959
11	30	4544	0.783719
11	31	4496	0.775440
11	32	4522	0.779924
11	33	4556	0.785788
11	34	4528	0.780959
11	35	4504	0.776820
11	36	4512	0.778199
11	37	4484	0.773370
11	38	4492	0.774750
11	39	4506	0.777165
11	40	4514	0.778544
11	41	4590	0.791652
11	42	4530	0.781304
11	43	4546	0.784063
11	44	4550	0.784753
11	45	4528	0.780959
11	46	4500	0.776130
11	47	4496	0.775440
11	48	4544	0.783719
11	49	4542	0.783374
11	50	4552	0.785098
11	51	4516	0.778889
11	52	4548	0.784408
11	53	4542	0.783374
11	54	4508	0.777509
11	55	4544	0.783719
11	56	4504	0.776820
11	57	4554	0.785443
11	58	4504	0.776820
11	59	4492	0.774750
11	60	4530	0.781304
11	61	4514	0.778544
11	62	4494	0.775095
11	63	4518	0.779234
11	64	4546	0.784063
11	65	4496	0.775440
11	66	4546	0.784063
11	67	4534	0.781994
11	68	4544	0.783719
11	69	4534	0.781994
11	70	4508	0.777509
11	71	4502	0.776475
11	72	4568	0.787858
11	73	4498	0.775785
11	74	4524	0.780269
11	75	4524	0.780269
11	76	4504	0.776820
11	77	4550	0.784753
11	78	4514	0.778544
11	79	4594	0.792342
11	80	4522	0.779924
11	81	4584	0.790617
11	82	4548	0.784408
11	83	4548	0.784408
11	84	4550	0.784753
11	85	4554	0.785443
11	86	4510	0.777854
11	87	4580	0.789928
11	88	4564	0.787168
11	89	4534	0.781994
11	90	4544	0.783719
11	91	4526	0.780614
11	92	4552	0.785098
11	93	4502	0.776475
11	94	4568	0.787858
11	95	4564	0.787168
11	96	4552	0.785098
11	97	4564	0.787168
11	98	4586	0.790962
11	99	4574	0.788893
12	13	4478	0.772335
12	14	4530	0.781304
12	15	4488	0.774060
12	16	4478	0.772335
12	17	4524	0.780269
12	18	4474	0.771645
12	19	4498	0.775785
12	20	4506	0.777165
12	21	4484	0.773370
12	22	4500	0.776130
12	23	4534	0.781994
12	24	4478	0.772335
12	25	4482	0.773025
12	26	4504	0.776820
12	27	4510	0.777854
12	28	4514	0.778544
12	29	4496	0.775440
12	30	4504	0.776820
12	31	4494	0.775095
12	32	4482	0.773025
12	33	4500	0.776130
12	34	4518	0.779234
12	35	4498	0.775785
12	36	4500	0.776130
12	37	4508	0.777509
12	38	4520	0.779579
12	39	4556	0.785788
12	40	4500	0.776130
12	41	4498	0.775785
12	42	4486	0.773715
12	43	4502	0.776475
12	44	4474	0.771645
12	45	4514	0.778544
12	46	4524	0.780269
12	47	4488	0.774060
12	48	4502	0.776475
12	49	4532	0.781649
12	50	4522	0.779924
12	51	4522	0.779924
12	52	4522	0.779924
12	53	4534	0.781994
12	54	4506	0.777165
12	55	4512	0.778199
12	56	4480	0.772680
12	57	4496	0.775440
12	58	4548	0.784408
12	59	4548	0.784408
12	60	4492	0.774750
12	61	4494	0.775095
12	62	4510	0.777854
12	63	4530	0.781304
12	64	4512	0.778199
12	65	4516	0.778889
12	66	4522	0.779924
12	67	4502	0.776475
12	68	4530	0.781304
12	69	4534	0.781994
12	70	4492	0.774750
12	71	4482	0.773025
12	72	4510	0.777854
12	73	4512	0.778199
12	74	4538	0.782684
12	75	4498	0.775785
12	76	4504	0.776820
12	77	4548	0.784408
12	78	4524	0.780269
12	79	4524	0.780269
12	80	4520	0.779579
12	81	4538	0.782684
12	82	4518	0.779234
12	83	4500	0.776130
12	84	4512	0.778199
12	85	4522	0.779924
12	86	4502	0.776475
12	87	4572	0.788548
12	88	4506	0.777165
12	89	4506	0.777165
12	90	4526	0.780614
12	91	4536	0.782339
12	92	4544	0.783719
12	93	4550	0.784753
12	94	4576	0.789238
12	95	4526	0.780614
12	96	4510	0.777854
12	97	4536	0.782339
12	98	4548	0.784408
12	99	4554	0.785443
13	14	4536	0.782339
13	15	4524	0.780269
13	16	4528	0.780959
13	17	4494	0.775095
13	18	4544	0.783719
13	19	4502	0.776475
13	20	4590	0.791652
13	21	4572	0.788548
13	22	4556	0.785788
13	23	4526	0.780614
13	24	4520	0.779579
13	25	4518	0.779234
13	26	4514	0.778544
13	27	4540	0.783029
13	28	4560	0.786478
13	29	4542	0.783374
13	30	4544	0.783719
13	31	4552	0.785098
13	32	4544	0.783719
13	33	4562	0.786823
13	34	4522	0.779924
13	35	4530	0.781304
13	36	4546	0.784063
13	37	4574	0.788893
13	38	4600	0.793377
13	39	4558	0.786133
13	40	4548	0.784408
13	41	4554	0.785443
13	42	4510	0.777854
13	43	4536	0.782339
13	44	4574	0.788893
13	45	4544	0.783719
13	46	4510	0.777854
13	47	4538	0.782684
13	48	4548	0.784408
13	49	4552	0.785098
13	50	4554	0.785443
13	51	4566	0.787513
13	52	4550	0.784753
13	53	4550	0.784753
13	54	4542	0.783374
13	55	4528	0.780959
13	56	4508	0.777509
13	57	4536	0.782339
13	58	4572	0.788548
13	59	4516	0.778889
13	60	4540	0.783029
13	61	4524	0.780269
13	62	4574	0.788893
13	63	4512	0.778199
13	64	4556	0.785788
13	65	4544	0.783719
13	66	4552	0.785098
13	67	4530	0.781304
13	68	4598	0.793032
13	69	4544	0.783719
13	70	4552	0.785098
13	71	4514	0.778544
13	72	4536	0.782339
13	73	4558	0.786133
13	74	4536	0.782339
13	75	4548	0.784408
13	76	4554	0.785443
13	77	4572	0.788548
13	78	4540	0.783029
13	79	4556	0.785788
13	80	4564	0.787168
13	81	4578	0.789583
13	82	4582	0.790273
13	83	4518	0.779234
13	84	4560	0.786478
13	85	4542	0.783374
13	86	4562	0.786823
13	87	4548	0.784408
13	88	4554	0.785443
13	89	4524	0.780269
13	90	4582	0.790273
13	91	4546	0.784063
13	92	4540	0.783029
13	93	4510	0.777854
13	94	4598	0.793032
13	95	4546	0.784063
13	96	4548	0.784408
13	97	4560	0.786478
13	98	4538	0.782684
13	99	4568	0.787858
14	15	4524	0.780269
14	16	4528	0.780959
14	17	4568	0.787858
14	18	4550	0.784753
14	19	4512	0.778199
14	20	4526	0.780614
14	21	4510	0.777854
14	22	4546	0.784063
14	23	4552	0.785098
14	24	4532	0.781649
14	25	4510	0.777854
14	26	4544	0.783719
14	27	4550	0.784753
14	28	4490	0.774405
14	29	4526	0.780614
14	30	4540	0.783029
14	31	4544	0.783719
14	32	4548	0.784408
14	33	4536	0.782339
14	34	4556	0.785788
14	35	4538	0.782684
14	36	4536	0.782339
14	37	4554	0.785443
14	38	4534	0.781994
14	39	4548	0.784408
14	40	4534	0.781994
14	41	4550	0.784753
14	42	4514	0.778544
14	43	4526	0.780614
14	44	4536	0.782339
14	45	4540	0.783029
14	46	4504	0.776820
14	47	4488	0.774060
14	48	4562	0.786823
14	49	4574	0.788893
14	50	4520	0.779579
14	51	4496	0.775440
14	52	4536	0.782339
14	53	4554	0.785443
14	54	4540	0.783029
14	55	4550	0.784753
14	56	4474	0.771645
14	57	4540	0.783029
14	58	4524	0.780269
14	59	4508	0.777509
14	60	4524	0.780269
14	61	4588	0.791307
14	62	4548	0.784408
14	63	4524	0.780269
14	64	4550	0.784753
14	65	4562	0.786823
14	66	4546	0.784063
14	67	4522	0.779924
14	68	4586	0.790962
14	69	4538	0.782684
14	70	4514	0.778544
14	71	4548	0.784408
14	72	4554	0.785443
14	73	4538	0.782684
14	74	4574	0.788893
14	75	4528	0.780959
14	76	4546	0.784063
14	77	4526	0.780614
14	78	4498	0.775785
14	79	4540	0.783029
14	80	4536	0.782339
14	81	4594	0.792342
14	82	4556	0.785788
14	83	4548	0.784408
14	84	4548	0.784408
14	85	4566	0.787513
14	86	4548	0.784408
14	87	4554	0.785443
14	88	4506	0.777165
14	89	4528	0.780959
14	90	4540	0.783029
14	91	4562	0.786823
14	92	4576	0.789238
14	93	4554	0.785443
14	94	4554	0.785443
14	95	4542	0.783374
14	96	4544	0.783719
14	97	4560	0.786478
14	98	4556	0.785788
14	99	4574	0.788893
15	16	4508	0.777509
15	17	4514	0.778544
15	18	4538	0.782684
15	19	4498	0.775785
15	20	4550	0.784753
15	21	4514	0.778544
15	22	4530	0.781304
15	23	4500	0.776130
15	24	4514	0.778544
15	25	4484	0.773370
15	26	4528	0.780959
15	27	4540	0.783029
15	28	4484	0.773370
15	29	4462	0.769576
15	30	4492	0.774750
15	31	4518	0.779234
15	32	4514	0.778544
15	33	4564	0.787168
15	34	4478	0.772335
15	35	4508	0.777509
15	36	4504	0.776820
15	37	4550	0.784753
15	38	4486	0.773715
15	39	4584	0.790617
15	40	4480	0.772680
15	41	4552	0.785098
15	42	4502	0.776475
15	43	4548	0.784408
15	44	4510	0.777854
15	45	4528	0.780959
15	46	4502	0.776475
15	47	4534	0.781994
15	48	4510	0.777854
15	49	4534	0.781994
15	50	4528	0.780959
15	51	4528	0.780959
15	52	4510	0.777854
15	53	4532	0.781649
15	54	4534	0.781994
15	55	4536	0.782339
15	56	4516	0.778889
15	57	4542	0.783374
15	58	4534	0.781994
15	59	4514	0.778544
15	60	4560	0.786478
15	61	4556	0.785788
15	62	4546	0.784063
15	63	4508	0.777509
15	64	4556	0.785788
15	65	4488	0.774060
15	66	4486	0.773715
15	67	4538	0.782684
15	68	4550	0.784753
15	69	4498	0.775785
15	70	4538	0.782684
15	71	4490	0.774405
15	72	4508	0.777509
15	73	4594	0.792342
15	74	4526	0.780614
15	75	4530	0.781304
15	76	4518	0.779234
15	77	4524	0.780269
15	78	4552	0.785098
15	79	4564	0.787168
15	80	4542	0.783374
15	81	4572	0.788548
15	82	4544	0.783719
15	83	4544	0.783719
15	84	4564	0.787168
15	85	4524	0.780269
15	86	4554	0.785443
15	87	4542	0.783374
15	88	4566	0.787513
15	89	4524	0.780269
15	90	4552	0.785098
15	91	4522	0.779924
15	92	4548	0.784408
15	93	4506	0.777165
15	94	4586	0.790962
15	95	4562	0.786823
15	96	4570	0.788203
15	97	4522	0.779924
15	98	4592	0.791997
15	99	4582	0.790273
16	17	4572	0.788548
16	18	4510	0.777854
16	19	4486	0.773715
16	20	4512	0.778199
16	21	4528	0.780959
16	22	4478	0.772335
16	23	4488	0.774060
16	24	4484	0.773370
16	25	4524	0.780269
16	26	4524	0.780269
16	27	4496	0.775440
16	28	4516	0.778889
16	29	4544	0.783719
16	30	4524	0.780269
16	31	4480	0.772680
16	32	4544	0.783719
16	33	4516	0.778889
16	34	4512	0.778199
16	35	4530	0.781304
16	36	4512	0.778199
16	37	4532	0.781649
16	38	4518	0.779234
16	39	4534	0.781994
16	40	4544	0.783719
16	41	4578	0.789583
16	42	4510	0.777854
16	43	4496	0.775440
16	44	4496	0.775440
16	45	4510	0.777854
16	46	4526	0.780614
16	47	4524	0.780269
16	48	4504	0.776820
16	49	4530	0.781304
16	50	4542	0.783374
16	51	4496	0.775440
16	52	4518	0.779234
16	53	4536	0.782339
16	54	4546	0.784063
16	55	4528	0.780959
16	56	4470	0.770956
16	57	4516	0.778889
16	58	4556	0.785788
16	59	4514	0.778544
16	60	4490	0.774405
16	61	4524	0.780269
16	62	4508	0.777509
16	63	4514	0.778544
16	64	4534	0.781994
16	65	4516	0.778889
16	66	4568	0.787858
16	67	4508	0.777509
16	68	4546	0.784063
16	69	4510	0.777854
16	70	4522	0.779924
16	71	4534	0.781994
16	72	4516	0.778889
16	73	4554	0.785443
16	74	4530	0.781304
16	75	4554	0.785443
16	76	4568	0.787858
16	77	4522	0.779924
16	78	4536	0.782339
16	79	4576	0.789238
16	80	4546	0.784063
16	81	4518	0.779234
16	82	4544	0.783719
16	83	4516	0.778889
16	84	4530	0.781304
16	85	4512	0.778199
16	86	4538	0.782684
16	87	4568	0.787858
16	88	4492	0.774750
16	89	4530	0.781304
16	90	4546	0.784063
16	91	4504	0.776820
16	92	4574	0.788893
16	93	4532	0.781649
16	94	4544	0.783719
16	95	4546	0.784063
16	96	4576	0.789238
16	97	4532	0.781649
16	98	4564	0.787168
16	99	4560	0.786478
17	18	4536	0.782339
17	19	4526	0.780614
17	20	4534	0.781994
17	21	4524	0.780269
17	22	4546	0.784063
17	23	4564	0.787168
17	24	4498	0.775785
17	25	4502	0.776475
17	26	4542	0.783374
17	27	4520	0.779579
17	28	4578	0.789583
17	29	4518	0.779234
17	30	4532	0.781649
17	31	4490	0.774405
17	32	4554	0.785443
17	33	4610	0.795102
17	34	4508	0.777509
17	35	4492	0.774750
17	36	4536	0.782339
17	37	4520	0.779579
17	38	4494	0.775095
17	39	4526	0.780614
17	40	4536	0.782339
17	41	4526	0.780614
17	42	4498	0.775785
17	43	4568	0.787858
17	44	4526	0.780614
17	45	4556	0.785788
17	46	4528	0.780959
17	47	4506	0.777165
17	48	4496	0.775440
17	49	4548	0.784408
17	50	4560	0.786478
17	51	4524	0.780269
17	52	4518	0.779234
17	53	4518	0.779234
17	54	4556	0.785788
17	55	4554	0.785443
17	56	4562	0.786823
17	57	4472	0.771300
17	58	4572	0.788548
17	59	4518	0.779234
17	60	4520	0.779579
17	61	4558	0.786133
17	62	4544	0.783719
17	63	4562	0.786823
17	64	4558	0.786133
17	65	4540	0.783029
17	66	4536	0.782339
17	67	4544	0.783719
17	68	4552	0.785098
17	69	4544	0.783719
17	70	4536	0.782339
17	71	4500	0.776130
17	72	4534	0.781994
17	73	4510	0.777854
17	74	4564	0.787168
17	75	4578	0.789583
17	76	4588	0.791307
17	77	4532	0.781649
17	78	4518	0.779234
17	79	4554	0.785443
17	80	4546	0.784063
17	81	4540	0.783029
17	82	4502	0.776475
17	83	4520	0.779579
17	84	4536	0.782339
17	85	4524	0.780269
17	86	4546	0.784063
17	87	4506	0.777165
17	88	4574	0.788893
17	89	4536	0.782339
17	90	4536	0.782339
17	91	4546	0.784063
17	92	4514	0.778544
17	93	4540	0.783029
17	94	4554	0.785443
17	95	4560	0.786478
17	96	4578	0.789583
17	97	4554	0.785443
17	98	4568	0.787858
17	99	4550	0.784753
18	19	4560	0.786478
18	20	4530	0.781304
18	21	4528	0.780959
18	22	4554	0.785443
18	23	4536	0.782339
18	24	4540	0.783029
18	25	4538	0.782684
18	26	4556	0.785788
18	27	4516	0.778889
18	28	4534	0.781994
18	29	4538	0.782684
18	30	4546	0.784063
18	31	4502	0.776475
18	32	4520	0.779579
18	33	4538	0.782684
18	34	4528	0.780959
18	35	4512	0.778199
18	36	4520	0.779579
18	37	4558	0.786133
18	38	4518	0.779234
18	39	4540	0.783029
18	40	4510	0.777854
18	41	4558	0.786133
18	42	4500	0.776130
18	43	4590	0.791652
18	44	4548	0.784408
18	45	4518	0.779234
18	46	4540	0.783029
18	47	4522	0.779924
18	48	4544	0.783719
18	49	4526	0.780614
18	50	4566	0.787513
18	51	4498	0.775785
18	52	4520	0.779579
18	53	4560	0.786478
18	54	4524	0.780269
18	55	4570	0.788203
18	56	4526	0.780614
18	57	4536	0.782339
18	58	4570	0.788203
18	59	4470	0.770956
18	60	4512	0.778199
18	61	4560	0.786478
18	62	4486	0.773715
18	63	4520	0.779579
18	64	4546	0.784063
18	65	4518	0.779234
18	66	4564	0.787168
18	67	4542	0.783374
18	68	4556	0.785788
18	69	4520	0.779579
18	70	4528	0.780959
18	71	4580	0.789928
18	72	4508	0.777509
18	73	4538	0.782684
18	74	4530	0.781304
18	75	4500	0.776130
18	76	4542	0.783374
18	77	4540	0.783029
18	78	4518	0.779234
18	79	4516	0.778889
18	80	4536	0.782339
18	81	4558	0.786133
18	82	4538	0.782684
18	83	4570	0.788203
18	84	4560	0.786478
18	85	4538	0.782684
18	86	4514	0.778544
18	87	4582	0.790273
18	88	4560	0.786478
18	89	4560	0.786478
18	90	4506	0.777165
18	91	4526	0.780614
18	92	4598	0.793032
18	93	4514	0.778544
18	94	4576	0.789238
18	95	4550	0.784753
18	96	4536	0.782339
18	97	4556	0.785788
18	98	4592	0.791997
18	99	4592	0.791997
19	20	4518	0.779234
19	21	4530	0.781304
19	22	4520	0.779579
19	23	4560	0.786478
19	24	4538	0.782684
19	25	4476	0.771990
19	26	4572	0.788548
19	27	4544	0.783719
19	28	4536	0.782339
19	29	4530	0.781304
19	30	4540	0.783029
19	31	4504	0.776820
19	32	4540	0.783029
19	33	4540	0.783029
19	34	4546	0.784063
19	35	4528	0.780959
19	36	4566	0.787513
19	37	4544	0.783719
19	38	4464	0.769921
19	39	4542	0.783374
19	40	4556	0.785788
19	41	4508	0.777509
19	42	4504	0.776820
19	43	4540	0.783029
19	44	4492	0.774750
19	45	4554	0.785443
19	46	4502	0.776475
19	47	4540	0.783029
19	48	4524	0.780269
19	49	4562	0.786823
19	50	4486	0.773715
19	51	4554	0.785443
19	52	4548	0.784408
19	53	4496	0.775440
19	54	4528	0.780959
19	55	4550	0.784753
19	56	4514	0.778544
19	57	4560	0.786478
19	58	4526	0.780614
19	59	4506	0.777165
19	60	4542	0.783374
19	61	4512	0.778199
19	62	4560	0.786478
19	63	4552	0.785098
19	64	4548	0.784408
19	65	4560	0.786478
19	66	4512	0.778199
19	67	4518	0.779234
19	68	4568	0.787858
19	69	4526	0.780614
19	70	4542	0.783374
19	71	4518	0.779234
19	72	4558	0.786133
19	73	4544	0.783719
19	74	4574	0.788893
19	75	4572	0.788548
19	76	4526	0.780614
19	77	4512	0.778199
19	78	4572	0.788548
19	79	4528	0.780959
19	80	4554	0.785443
19	81	4500	0.776130
19	82	4540	0.783029
19	83	4560	0.786478
19	84	4554	0.785443
19	85	4506	0.777165
19	86	4550	0.784753
19	87	4554	0.785443
19	88	4506	0.777165
19	89	4542	0.783374
19	90	4566	0.787513
19	91	4534	0.781994
19	92	4526	0.780614
19	93	4562	0.786823
19	94	4568	0.787858
19	95	4566	0.787513
19	96	4554	0.785443
19	97	4532	0.781649
19	98	4546	0.784063
19	99	4570	0.788203
20	21	4504	0.776820
20	22	4504	0.776820
20	23	4500	0.776130
20	24	4532	0.781649
20	25	4556	0.785788
20	26	4556	0.785788
20	27	4530	0.781304
20	28	4526	0.780614
20	29	4532	0.781649
20	30	4502	0.776475
20	31	4542	0.783374
20	32	4548	0.784408
20	33	4504	0.776820
20	34	4552	0.785098
20	35	4504	0.776820
20	36	4556	0.785788
20	37	4544	0.783719
20	38	4522	0.779924
20	39	4520	0.779579
20	40	4544	0.783719
20	41	4540	0.783029
20	42	4510	0.777854
20	43	4562	0.786823
20	44	4502	0.776475
20	45	4534	0.781994
20	46	4540	0.783029
20	47	4522	0.779924
20	48	4544	0.783719
20	49	4566	0.787513
20	50	4554	0.785443
20	51	4528	0.780959
20	52	4530	0.781304
20	53	4546	0.784063
20	54	4562	0.786823
20	55	4506	0.777165
20	56	4512	0.778199
20	57	4544	0.783719
20	58	4520	0.779579
20	59	4554	0.785443
20	60	4510	0.777854
20	61	4508	0.777509
20	62	4576	0.789238
20	63	4580	0.789928
20	64	4564	0.787168
20	65	4510	0.777854
20	66	4560	0.786478
20	67	4496	0.775440
20	68	4556	0.785788
20	69	4538	0.782684
20	70	4538	0.782684
20	71	4558	0.786133
20	72	4550	0.784753
20	73	4532	0.781649
20	74	4508	0.777509
20	75	4576	0.789238
20	76	4574	0.788893
20	77	4528	0.780959
20	78	4522	0.779924
20	79	4552	0.785098
20	80	4512	0.778199
20	81	4568	0.787858
20	82	4546	0.784063
20	83	4514	0.778544
20	84	4574	0.788893
20	85	4520	0.779579
20	86	4552	0.785098
20	87	4584	0.790617
20	88	4562	0.786823
20	89	4560	0.786478
20	90	4550	0.784753
20	91	4542	0.783374
20	92	4546	0.784063
20	93	4572	0.788548
20	94	4540	0.783029
20	95	4578	0.789583
20	96	4570	0.788203
20	97	4576	0.789238
20	98	4558	0.786133
20	99	4528	0.780959
21	22	4546	0.784063
21	23	4532	0.781649
21	24	4548	0.784408
21	25	4508	0.777509
21	26	4560	0.786478
21	27	4548	0.784408
21	28	4518	0.779234
21	29	4488	0.774060
21	30	4540	0.783029
21	31	4530	0.781304
21	32	4514	0.778544
21	33	4508	0.777509
21	34	4532	0.781649
21	35	4490	0.774405
21	36	4542	0.783374
21	37	4520	0.779579
21	38	4506	0.777165
21	39	4536	0.782339
21	40	4556	0.785788
21	41	4478	0.772335
21	42	4514	0.778544
21	43	4550	0.784753
21	44	4456	0.768541
21	45	4522	0.779924
21	46	4526	0.780614
21	47	4518	0.779234
21	48	4528	0.780959
21	49	4558	0.786133
21	50	4510	0.777854
21	51	4512	0.778199
21	52	4542	0.783374
21	53	4542	0.783374
21	54	4540	0.783029
21	55	4522	0.779924
21	56	4480	0.772680
21	57	4576	0.789238
21	58	4528	0.780959
21	59	4566	0.787513
21	60	4566	0.787513
21	61	4510	0.777854
21	62	4532	0.781649
21	63	4538	0.782684
21	64	4570	0.788203
21	65	4554	0.785443
21	66	4532	0.781649
21	67	4498	0.775785
21	68	4558	0.786133
21	69	4536	0.782339
21	70	4492	0.774750
21	71	4548	0.784408
21	72	4544	0.783719
21	73	4530	0.781304
21	74	4492	0.774750
21	75	4556	0.785788
21	76	4540	0.783029
21	77	4494	0.775095
21	78	4528	0.780959
21	79	4576	0.789238
21	80	4542	0.783374
21	81	4536	0.782339
21	82	4522	0.779924
21	83	4556	0.785788
21	84	4558	0.786133
21	85	4542	0.783374
21	86	4548	0.784408
21	87	4582	0.790273
21	88	4568	0.787858
21	89	4568	0.787858
21	90	4518	0.779234
21	91	4548	0.784408
21	92	4536	0.782339
21	93	4550	0.784753
21	94	4556	0.785788
21	95	4560	0.786478
21	96	4560	0.786478
21	97	4550	0.784753
21	98	4572	0.788548
21	99	4538	0.782684
22	23	4542	0.783374
22	24	4538	0.782684
22	25	4534	0.781994
22	26	4538	0.782684
22	27	4550	0.784753
22	28	4500	0.776130
22	29	4542	0.783374
22	30	4536	0.782339
22	31	4552	0.785098
22	32	4538	0.782684
22	33	4530	0.781304
22	34	4512	0.778199
22	35	4526	0.780614
22	36	4524	0.780269
22	37	4478	0.772335
22	38	4472	0.771300
22	39	4548	0.784408
22	40	4540	0.783029
22	41	4540	0.783029
22	42	4546	0.784063
22	43	4552	0.785098
22	44	4504	0.776820
22	45	4538	0.782684
22	46	4540	0.783029
22	47	4538	0.782684
22	48	4542	0.783374
22	49	4524	0.780269
22	50	4504	0.776820
22	51	4552	0.785098
22	52	4554	0.785443
22	53	4538	0.782684
22	54	4508	0.777509
22	55	4582	0.790273
22	56	4504	0.776820
22	57	4496	0.775440
22	58	4500	0.776130
22	59	4508	0.777509
22	60	4502	0.776475
22	61	4532	0.781649
22	62	4484	0.773370
22	63	4558	0.786133
22	64	4542	0.783374
22	65	4506	0.777165
22	66	4550	0.784753
22	67	4540	0.783029
22	68	4574	0.788893
22	69	4554	0.785443
22	70	4546	0.784063
22	71	4536	0.782339
22	72	4578	0.789583
22	73	4536	0.782339
22	74	4540	0.783029
22	75	4526	0.780614
22	76	4518	0.779234
22	77	4538	0.782684
22	78	4558	0.786133
22	79	4580	0.789928
22	80	4520	0.779579
22	81	4532	0.781649
22	82	4524	0.780269
22	83	4520	0.779579
22	84	4528	0.780959
22	85	4534	0.781994
22	86	4538	0.782684
22	87	4540	0.783029
22	88	4524	0.780269
22	89	4502	0.776475
22	90	4562	0.786823
22	91	4564	0.787168
22	92	4540	0.783029
22	93	4534	0.781994
22	94	4544	0.783719
22	95	4516	0.778889
22	96	4500	0.776130
22	97	4598	0.793032
22	98	4570	0.788203
22	99	4576	0.789238
23	24	4530	0.781304
23	25	4514	0.778544
23	26	4532	0.781649
23	27	4530	0.781304
23	28	4546	0.784063
23	29	4532	0.781649
23	30	4578	0.789583
23	31	4538	0.782684
23	32	4512	0.778199
23	33	4542	0.783374
23	34	4542	0.783374
23	35	4520	0.779579
23	36	4552	0.785098
23	37	4528	0.780959
23	38	4542	0.783374
23	39	4534	0.781994
23	40	4510	0.777854
23	41	4542	0.783374
23	42	4534	0.781994
23	43	4538	0.782684
23	44	4524	0.780269
23	45	4512	0.778199
23	46	4528	0.780959
23	47	4570	0.788203
23	48	4532	0.781649
23	49	4566	0.787513
23	50	4558	0.786133
23	51	4512	0.778199
23	52	4520	0.779579
23	53	4522	0.779924
23	54	4538	0.782684
23	55	4568	0.787858
23	56	4514	0.778544
23	57	4542	0.783374
23	58	4510	0.777854
23	59	4554	0.785443
23	60	4534	0.781994
23	61	4538	0.782684
23	62	4514	0.778544
23	63	4564	0.787168
23	64	4582	0.790273
23	65	4520	0.779579
23	66	4560	0.786478
23	67	4550	0.784753
23	68	4558	0.786133
23	69	4534	0.781994
23	70	4518	0.779234
23	71	4528	0.780959
23	72	4502	0.776475
23	73	4500	0.776130
23	74	4558	0.786133
23	75	4564	0.787168
23	76	4572	0.788548
23	77	4544	0.783719
23	78	4536	0.782339
23	79	4526	0.780614
23	80	4522	0.779924
23	81	4550	0.784753
23	82	4518	0.779234
23	83	4526	0.780614
23	84	4542	0.783374
23	85	4594	0.792342
23	86	4558	0.786133
23	87	4566	0.787513
23	88	4514	0.778544
23	89	4526	0.780614
23	90	4548	0.784408
23	91	4494	0.775095
23	92	4586	0.790962
23	93	4526	0.780614
23	94	4560	0.786478
23	95	4512	0.778199
23	96	4556	0.785788
23	97	4546	0.784063
23	98	4578	0.789583
23	99	4544	0.783719
24	25	4486	0.773715
24	26	4534	0.781994
24	27	4504	0.776820
24	28	4486	0.773715
24	29	4536	0.782339
24	30	4538	0.782684
24	31	4542	0.783374
24	32	4546	0.784063
24	33	4558	0.786133
24	34	4476	0.771990
24	35	4500	0.776130
24	36	4512	0.778199
24	37	4514	0.778544
24	38	4514	0.778544
24	39	4510	0.777854
24	40	4526	0.780614
24	41	4570	0.788203
24	42	4514	0.778544
24	43	4522	0.779924
24	44	4524	0.780269
24	45	4558	0.786133
24	46	4512	0.778199
24	47	4522	0.779924
24	48	4514	0.778544
24	49	4540	0.783029
24	50	4504	0.776820
24	51	4532	0.781649
24	52	4528	0.780959
24	53	4548	0.784408
24	54	4542	0.783374
24	55	4512	0.778199
24	56	4538	0.782684
24	57	4508	0.777509
24	58	4550	0.784753
24	59	4520	0.779579
24	60	4550	0.784753
24	61	4510	0.777854
24	62	4528	0.780959
24	63	4524	0.780269
24	64	4566	0.787513
24	65	4546	0.784063
24	66	4544	0.783719
24	67	4556	0.785788
24	68	4554	0.785443
24	69	4548	0.784408
24	70	4486	0.773715
24	71	4530	0.781304
24	72	4538	0.782684
24	73	4506	0.777165
24	74	4558	0.786133
24	75	4510	0.777854
24	76	4540	0.783029
24	77	4570	0.788203
24	78	4542	0.783374
24	79	4538	0.782684
24	80	4532	0.781649
24	81	4576	0.789238
24	82	4552	0.785098
24	83	4518	0.779234
24	84	4552	0.785098
24	85	4524	0.780269
24	86	4538	0.782684
24	87	4580	0.789928
24	88	4566	0.787513
24	89	4530	0.781304
24	90	4534	0.781994
24	91	4542	0.783374
24	92	4564	0.787168
24	93	4498	0.775785
24	94	4560	0.786478
24	95	4502	0.776475
24	96	4532	0.781649
24	97	4556	0.785788
24	98	4550	0.784753
24	99	4602	0.793722
25	26	4524	0.780269
25	27	4534	0.781994
25	28	4548	0.784408
25	29	4532	0.781649
25	30	4552	0.785098
25	31	4520	0.779579
25	32	4520	0.779579
25	33	4574	0.788893
25	34	4532	0.781649
25	35	4494	0.775095
25	36	4536	0.782339
25	37	4522	0.779924
25	38	4492	0.774750
25	39	4552	0.785098
25	40	4480	0.772680
25	41	4500	0.776130
25	42	4516	0.778889
25	43	4568	0.787858
25	44	4556	0.785788
25	45	4550	0.784753
25	46	4490	0.774405
25	47	4528	0.780959
25	48	4524	0.780269
25	49	4566	0.787513
25	50	4516	0.778889
25	51	4522	0.779924
25	52	4594	0.792342
25	53	4532	0.781649
25	54	4510	0.777854
25	55	4566	0.787513
25	56	4542	0.783374
25	57	4540	0.783029
25	58	4560	0.786478
25	59	4530	0.781304
25	60	4522	0.779924
25	61	4544	0.783719
25	62	4516	0.778889
25	63	4532	0.781649
25	64	4554	0.785443
25	65	4550	0.784753
25	66	4522	0.779924
25	67	4528	0.780959
25	68	4576	0.789238
25	69	4562	0.786823
25	70	4514	0.778544
25	71	4528	0.780959
25	72	4540	0.783029
25	73	4538	0.782684
25	74	4552	0.785098
25	75	4548	0.784408
25	76	4552	0.785098
25	77	4512	0.778199
25	78	4542	0.783374
25	79	4512	0.778199
25	80	4528	0.780959
25	81	4512	0.778199
25	82	4514	0.778544
25	83	4538	0.782684
25	84	4542	0.783374
25	85	4536	0.782339
25	86	4548	0.784408
25	87	4552	0.785098
25	88	4564	0.787168
25	89	4508	0.777509
25	90	4520	0.779579
25	91	4530	0.781304
25	92	4514	0.778544
25	93	4562	0.786823
25	94	4572	0.788548
25	95	4558	0.786133
25	96	4554	0.785443
25	97	4556	0.785788
25	98	4552	0.785098
25	99	4512	0.778199
26	27	4534	0.781994
26	28	4540	0.783029
26	29	4512	0.778199
26	30	4566	0.787513
26	31	4534	0.781994
26	32	4528	0.780959
26	33	4538	0.782684
26	34	4566	0.787513
26	35	4530	0.781304
26	36	4566	0.787513
26	37	4554	0.785443
26	38	4592	0.791997
26	39	4560	0.786478
26	40	4572	0.788548
26	41	4584	0.790617
26	42	4552	0.785098
26	43	4556	0.785788
26	44	4518	0.779234
26	45	4530	0.781304
26	46	4532	0.781649
26	47	4558	0.786133
26	48	4518	0.779234
26	49	4552	0.785098
26	50	4522	0.779924
26	51	4486	0.773715
26	52	4558	0.786133
26	53	4572	0.788548
26	54	4568	0.787858
26	55	4558	0.786133
26	56	4510	0.777854
26	57	4560	0.786478
26	58	4554	0.785443
26	59	4546	0.784063
26	60	4566	0.787513
26	61	4540	0.783029
26	62	4560	0.786478
26	63	4508	0.777509
26	64	4574	0.788893
26	65	4516	0.778889
26	66	4522	0.779924
26	67	4540	0.783029
26	68	4574	0.788893
26	69	4548	0.784408
26	70	4534	0.781994
26	71	4536	0.782339
26	72	4536	0.782339
26	73	4528	0.780959
26	74	4544	0.783719
26	75	4550	0.784753
26	76	4542	0.783374
26	77	4532	0.781649
26	78	4572	0.788548
26	79	4578	0.789583
26	80	4542	0.783374
26	81	4582	0.790273
26	82	4544	0.783719
26	83	4508	0.777509
26	84	4532	0.781649
26	85	4556	0.785788
26	86	4572	0.788548
26	87	4584	0.790617
26	88	4518	0.779234
26	89	4520	0.779579
26	90	4532	0.781649
26	91	4552	0.785098
26	92	4590	0.791652
26	93	4536	0.782339
26	94	4560	0.786478
26	95	4556	0.785788
26	96	4564	0.787168
26	97	4598	0.793032
26	98	4550	0.784753
26	99	4570	0.788203
27	28	4550	0.784753
27	29	4546	0.784063
27	30	4600	0.793377
27	31	4492	0.774750
27	32	4522	0.779924
27	33	4536	0.782339
27	34	4508	0.777509
27	35	4548	0.784408
27	36	4508	0.777509
27	37	4516	0.778889
27	38	4516	0.778889
27	39	4548	0.784408
27	40	4542	0.783374
27	41	4558	0.786133
27	42	4526	0.780614
27	43	4550	0.784753
27	44	4524	0.780269
27	45	4562	0.786823
27	46	4528	0.780959
27	47	4524	0.780269
27	48	4540	0.783029
27	49	4538	0.782684
27	50	4522	0.779924
27	51	4508	0.777509
27	52	4516	0.778889
27	53	4536	0.782339
27	54	4546	0.784063
27	55	4524	0.780269
27	56	4520	0.779579
27	57	4576	0.789238
27	58	4524	0.780269
27	59	4504	0.776820
27	60	4518	0.779234
27	61	4570	0.788203
27	62	4542	0.783374
27	63	4550	0.784753
27	64	4538	0.782684
27	65	4508	0.777509
27	66	4584	0.790617
27	67	4544	0.783719
27	68	4596	0.792687
27	69	4514	0.778544
27	70	4522	0.779924
27	71	4498	0.775785
27	72	4544	0.783719
27	73	4492	0.774750
27	74	4518	0.779234
27	75	4506	0.777165
27	76	4550	0.784753
27	77	4564	0.787168
27	78	4530	0.781304
27	79	4532	0.781649
27	80	4536	0.782339
27	81	4548	0.784408
27	82	4584	0.790617
27	83	4552	0.785098
27	84	4512	0.778199
27	85	4530	0.781304
27	86	4566	0.787513
27	87	4576	0.789238
27	88	4538	0.782684
27	89	4546	0.784063
27	90	4590	0.791652
27	91	4552	0.785098
27	92	4556	0.785788
27	93	4530	0.781304
27	94	4542	0.783374
27	95	4558	0.786133
27	96	4598	0.793032
27	97	4562	0.786823
27	98	4576	0.789238
27	99	4582	0.790273
28	29	4506	0.777165
28	30	4518	0.779234
28	31	4534	0.781994
28	32	4536	0.782339
28	33	4562	0.786823
28	34	4570	0.788203
28	35	4516	0.778889
28	36	4542	0.783374
28	37	4536	0.782339
28	38	4508	0.777509
28	39	4500	0.776130
28	40	4550	0.784753
28	41	4568	0.787858
28	42	4516	0.778889
28	43	4542	0.783374
28	44	4540	0.783029
28	45	4544	0.783719
28	46	4536	0.782339
28	47	4466	0.770266
28	48	4546	0.784063
28	49	4560	0.786478
28	50	4512	0.778199
28	51	4530	0.781304
28	52	4526	0.780614
28	53	4552	0.785098
28	54	4592	0.791997
28	55	4530	0.781304
28	56	4492	0.774750
28	57	4562	0.786823
28	58	4502	0.776475
28	59	4544	0.783719
28	60	4494	0.775095
28	61	4528	0.780959
28	62	4524	0.780269
28	63	4550	0.784753
28	64	4572	0.788548
28	65	4482	0.773025
28	66	4522	0.779924
28	67	4492	0.774750
28	68	4530	0.781304
28	69	4534	0.781994
28	70	4552	0.785098
28	71	4500	0.776130
28	72	4520	0.779579
28	73	4522	0.779924
28	74	4554	0.785443
28	75	4538	0.782684
28	76	4534	0.781994
28	77	4564	0.787168
28	78	4536	0.782339
28	79	4572	0.788548
28	80	4508	0.777509
28	81	4572	0.788548
28	82	4544	0.783719
28	83	4524	0.780269
28	84	4522	0.779924
28	85	4552	0.785098
28	86	4554	0.785443
28	87	4572	0.788548
28	88	4564	0.787168
28	89	4562	0.786823
28	90	4544	0.783719
28	91	4512	0.778199
28	92	4554	0.785443
28	93	4532	0.781649
28	94	4530	0.781304
28	95	4522	0.779924
28	96	4534	0.781994
28	97	4560	0.786478
28	98	4576	0.789238
28	99	4578	0.789583
29	30	4526	0.780614
29	31	4524	0.780269
29	32	4516	0.778889
29	33	4536	0.782339
29	34	4528	0.780959
29	35	4508	0.777509
29	36	4540	0.783029
29	37	4526	0.780614
29	38	4484	0.773370
29	39	4540	0.783029
29	40	4480	0.772680
29	41	4572	0.788548
29	42	4530	0.781304
29	43	4538	0.782684
29	44	4532	0.781649
29	45	4554	0.785443
29	46	4538	0.782684
29	47	4500	0.776130
29	48	4516	0.778889
29	49	4516	0.778889
29	50	4520	0.779579
29	51	4492	0.774750
29	52	4532	0.781649
29	53	4542	0.783374
29	54	4552	0.785098
29	55	4506	0.777165
29	56	4512	0.778199
29	57	4536	0.782339
29	58	4560	0.786478
29	59	4526	0.780614
29	60	4530	0.781304
29	61	4594	0.792342
29	62	4546	0.784063
29	63	4536	0.782339
29	64	4530	0.781304
29	65	4548	0.784408
29	66	4540	0.783029
29	67	4522	0.779924
29	68	4490	0.774405
29	69	4520	0.779579
29	70	4530	0.781304
29	71	4498	0.775785
29	72	4524	0.780269
29	73	4568	0.787858
29	74	4552	0.785098
29	75	4538	0.782684
29	76	4528	0.780959
29	77	4542	0.783374
29	78	4542	0.783374
29	79	4552	0.785098
29	80	4508	0.777509
29	81	4550	0.784753
29	82	4532	0.781649
29	83	4544	0.783719
29	84	4558	0.786133
29	85	4560	0.786478
29	86	4512	0.778199
29	87	4554	0.785443
29	88	4512	0.778199
29	89	4510	0.777854
29	90	4560	0.786478
29	91	4504	0.776820
29	92	4534	0.781994
29	93	4510	0.777854
29	94	4564	0.787168
29	95	4544	0.783719
29	96	4552	0.785098
29	97	4530	0.781304
29	98	4596	0.792687
29	99	4550	0.784753
30	31	4520	0.779579
30	32	4526	0.780614
30	33	4530	0.781304
30	34	4560	0.786478
30	35	4522	0.779924
30	36	4532	0.781649
30	37	4540	0.783029
30	38	4504	0.776820
30	39	4542	0.783374
30	40	4550	0.784753
30	41	4544	0.783719
30	42	4526	0.780614
30	43	4570	0.788203
30	44	4540	0.783029
30	45	4496	0.775440
30	46	4556	0.785788
30	47	4536	0.782339
30	48	4540	0.783029
30	49	4548	0.784408
30	50	4548	0.784408
30	51	4550	0.784753
30	52	4572	0.788548
30	53	4584	0.790617
30	54	4588	0.791307
30	55	4560	0.786478
30	56	4480	0.772680
30	57	4560	0.786478
30	58	4548	0.784408
30	59	4540	0.783029
30	60	4528	0.780959
30	61	4510	0.777854
30	62	4552	0.785098
30	63	4610	0.795102
30	64	4518	0.779234
30	65	4546	0.784063
30	66	4578	0.789583
30	67	4536	0.782339
30	68	4590	0.791652
30	69	4568	0.787858
30	70	4584	0.790617
30	71	4552	0.785098
30	72	4532	0.781649
30	73	4556	0.785788
30	74	4572	0.788548
30	75	4568	0.787858
30	76	4586	0.790962
30	77	4542	0.783374
30	78	4544	0.783719
30	79	4580	0.789928
30	80	4562	0.786823
30	81	4554	0.785443
30	82	4564	0.787168
30	83	4552	0.785098
30	84	4598	0.793032
30	85	4522	0.779924
30	86	4520	0.779579
30	87	4560	0.786478
30	88	4578	0.789583
30	89	4540	0.783029
30	90	4548	0.784408
30	91	4528	0.780959
30	92	4572	0.788548
30	93	4542	0.783374
30	94	4532	0.781649
30	95	4554	0.785443
30	96	4556	0.785788
30	97	4554	0.785443
30	98	4570	0.788203
30	99	4570	0.788203
31	32	4516	0.778889
31	33	4508	0.777509
31	34	4556	0.785788
31	35	4562	0.786823
31	36	4552	0.785098
31	37	4520	0.779579
31	38	4510	0.777854
31	39	4536	0.782339
31	40	4544	0.783719
31	41	4534	0.781994
31	42	4534	0.781994
31	43	4558	0.786133
31	44	4524	0.780269
31	45	4570	0.788203
31	46	4534	0.781994
31	47	4476	0.771990
31	48	4518	0.779234
31	49	4526	0.780614
31	50	4540	0.783029
31	51	4494	0.775095
31	52	4532	0.781649
31	53	4548	0.784408
31	54	4546	0.784063
31	55	4526	0.780614
31	56	4518	0.779234
31	57	4536	0.782339
31	58	4558	0.786133
31	59	4512	0.778199
31	60	4504	0.776820
31	61	4508	0.777509
31	62	4540	0.783029
31	63	4538	0.782684
31	64	4558	0.786133
31	65	4498	0.775785
31	66	4542	0.783374
31	67	4538	0.782684
31	68	4544	0.783719
31	69	4546	0.784063
31	70	4504	0.776820
31	71	4552	0.785098
31	72	4550	0.784753
31	73	4516	0.778889
31	74	4552	0.785098
31	75	4534	0.781994
31	76	4548	0.784408
31	77	4506	0.777165
31	78	4554	0.785443
31	79	4518	0.779234
31	80	4538	0.782684
31	81	4534	0.781994
31	82	4566	0.787513
31	83	4536	0.782339
31	84	4594	0.792342
31	85	4480	0.772680
31	86	4548	0.784408
31	87	4560	0.786478
31	88	4538	0.782684
31	89	4520	0.779579
31	90	4534	0.781994
31	91	4490	0.774405
31	92	4536	0.782339
31	93	4526	0.780614
31	94	4566	0.787513
31	95	4550	0.784753
31	96	4564	0.787168
31	97	4546	0.784063
31	98	4588	0.791307
31	99	4556	0.785788
32	33	4552	0.785098
32	34	4554	0.785443
32	35	4506	0.777165
32	36	4554	0.785443
32	37	4512	0.778199
32	38	4506	0.777165
32	39	4538	0.782684
32	40	4578	0.789583
32	41	4508	0.777509
32	42	4550	0.784753
32	43	4560	0.786478
32	44	4520	0.779579
32	45	4516	0.778889
32	46	4532	0.781649
32	47	4488	0.774060
32	48	4482	0.773025
32	49	4524	0.780269
32	50	4522	0.779924
32	51	4488	0.774060
32	52	4544	0.783719
32	53	4566	0.787513
32	54	4504	0.776820
32	55	4554	0.785443
32	56	4498	0.775785
32	57	4532	0.781649
32	58	4532	0.781649
32	59	4582	0.790273
32	60	4538	0.782684
32	61	4502	0.776475
32	62	4530	0.781304
32	63	4536	0.782339
32	64	4502	0.776475
32	65	4522	0.779924
32	66	4532	0.781649
32	67	4532	0.781649
32	68	4560	0.786478
32	69	4562	0.786823
32	70	4500	0.776130
32	71	4546	0.784063
32	72	4484	0.773370
32	73	4504	0.776820
32	74	4532	0.781649
32	75	4536	0.782339
32	76	4520	0.779579
32	77	4548	0.784408
32	78	4544	0.783719
32	79	4580	0.789928
32	80	4542	0.783374
32	81	4570	0.788203
32	82	4508	0.777509
32	83	4518	0.779234
32	84	4536	0.782339
32	85	4564	0.787168
32	86	4536	0.782339
32	87	4554	0.785443
32	88	4556	0.785788
32	89	4544	0.783719
32	90	4562	0.786823
32	91	4550	0.784753
32	92	4574	0.788893
32	93	4556	0.785788
32	94	4550	0.784753
32	95	4504	0.776820
32	96	4572	0.788548
32	97	4600	0.793377
32	98	4564	0.787168
32	99	4576	0.789238
33	34	4558	0.786133
33	35	4534	0.781994
33	36	4564	0.787168
33	37	4578	0.789583
33	38	4574	0.788893
33	39	4560	0.786478
33	40	4574	0.788893
33	41	4558	0.786133
33	42	4532	0.781649
33	43	4494	0.775095
33	44	4572	0.788548
33	45	4566	0.787513
33	46	4532	0.781649
33	47	4572	0.788548
33	48	4582	0.790273
33	49	4602	0.793722
33	50	4532	0.781649
33	51	4512	0.778199
33	52	4524	0.780269
33	53	4582	0.790273
33	54	4520	0.779579
33	55	4574	0.788893
33	56	4496	0.775440
33	57	4548	0.784408
33	58	4576	0.789238
33	59	4534	0.781994
33	60	4552	0.785098
33	61	4530	0.781304
33	62	4570	0.788203
33	63	4556	0.785788
33	64	4550	0.784753
33	65	4546	0.784063
33	66	4612	0.795447
33	67	4536	0.782339
33	68	4524	0.780269
33	69	4534	0.781994
33	70	4554	0.785443
33	71	4566	0.787513
33	72	4556	0.785788
33	73	4554	0.785443
33	74	4572	0.788548
33	75	4516	0.778889
33	76	4550	0.784753
33	77	4540	0.783029
33	78	4550	0.784753
33	79	4536	0.782339
33	80	4582	0.790273
33	81	4552	0.785098
33	82	4562	0.786823
33	83	4566	0.787513
33	84	4572	0.788548
33	85	4538	0.782684
33	86	4542	0.783374
33	87	4594	0.792342
33	88	4532	0.781649
33	89	4524	0.780269
33	90	4546	0.784063
33	91	4548	0.784408
33	92	4554	0.785443
33	93	4556	0.785788
33	94	4570	0.788203
33	95	4594	0.792342
33	96	4570	0.788203
33	97	4590	0.791652
33	98	4586	0.790962
33	99	4608	0.794757
34	35	4534	0.781994
34	36	4538	0.782684
34	37	4540	0.783029
34	38	4534	0.781994
34	39	4564	0.787168
34	40	4530	0.781304
34	41	4596	0.792687
34	42	4490	0.774405
34	43	4522	0.779924
34	44	4538	0.782684
34	45	4530	0.781304
34	46	4540	0.783029
34	47	4538	0.782684
34	48	4508	0.777509
34	49	4508	0.777509
34	50	4552	0.785098
34	51	4538	0.782684
34	52	4514	0.778544
34	53	4542	0.783374
34	54	4574	0.788893
34	55	4552	0.785098
34	56	4474	0.771645
34	57	4550	0.784753
34	58	4528	0.780959
34	59	4530	0.781304
34	60	4516	0.778889
34	61	4514	0.778544
34	62	4482	0.773025
34	63	4518	0.779234
34	64	4558	0.786133
34	65	4528	0.780959
34	66	4548	0.784408
34	67	4536	0.782339
34	68	4526	0.780614
34	69	4516	0.778889
34	70	4494	0.775095
34	71	4536	0.782339
34	72	4518	0.779234
34	73	4554	0.785443
34	74	4568	0.787858
34	75	4502	0.776475
34	76	4558	0.786133
34	77	4576	0.789238
34	78	4510	0.777854
34	79	4530	0.781304
34	80	4582	0.790273
34	81	4558	0.786133
34	82	4566	0.787513
34	83	4538	0.782684
34	84	4568	0.787858
34	85	4552	0.785098
34	86	4580	0.789928
34	87	4542	0.783374
34	88	4526	0.780614
34	89	4554	0.785443
34	90	4502	0.776475
34	91	4566	0.787513
34	92	4572	0.788548
34	93	4520	0.779579
34	94	4550	0.784753
34	95	4548	0.784408
34	96	4584	0.790617
34	97	4536	0.782339
34	98	4562	0.786823
34	99	4566	0.787513
35	36	4504	0.776820
35	37	4528	0.780959
35	38	4492	0.774750
35	39	4526	0.780614
35	40	4518	0.779234
35	41	4506	0.777165
35	42	4466	0.770266
35	43	4540	0.783029
35	44	4546	0.784063
35	45	4534	0.781994
35	46	4456	0.768541
35	47	4520	0.779579
35	48	4482	0.773025
35	49	4506	0.777165
35	50	4540	0.783029
35	51	4526	0.780614
35	52	4542	0.783374
35	53	4516	0.778889
35	54	4544	0.783719
35	55	4542	0.783374
35	56	4532	0.781649
35	57	4548	0.784408
35	58	4522	0.779924
35	59	4532	0.781649
35	60	4516	0.778889
35	61	4524	0.780269
35	62	4526	0.780614
35	63	4554	0.785443
35	64	4570	0.788203
35	65	4560	0.786478
35	66	4502	0.776475
35	67	4500	0.776130
35	68	4554	0.785443
35	69	4526	0.780614
35	70	4534	0.781994
35	71	4526	0.780614
35	72	4486	0.773715
35	73	4544	0.783719
35	74	4534	0.781994
35	75	4544	0.783719
35	76	4540	0.783029
35	77	4550	0.784753
35	78	4504	0.776820
35	79	4546	0.784063
35	80	4508	0.777509
35	81	4562	0.786823
35	82	4506	0.777165
35	83	4522	0.779924
35	84	4520	0.779579
35	85	4534	0.781994
35	86	4564	0.787168
35	87	4550	0.784753
35	88	4540	0.783029
35	89	4506	0.777165
35	90	4522	0.779924
35	91	4566	0.787513
35	92	4558	0.786133
35	93	4560	0.786478
35	94	4540	0.783029
35	95	4558	0.786133
35	96	4526	0.780614
35	97	4500	0.776130
35	98	4546	0.784063
35	99	4580	0.789928
36	37	4542	0.783374
36	38	4528	0.780959
36	39	4596	0.792687
36	40	4530	0.781304
36	41	4552	0.785098
36	42	4542	0.783374
36	43	4572	0.788548
36	44	4534	0.781994
36	45	4564	0.787168
36	46	4502	0.776475
36	47	4536	0.782339
36	48	4538	0.782684
36	49	4594	0.792342
36	50	4504	0.776820
36	51	4554	0.785443
36	52	4478	0.772335
36	53	4550	0.784753
36	54	4548	0.784408
36	55	4582	0.790273
36	56	4538	0.782684
36	57	4596	0.792687
36	58	4550	0.784753
36	59	4538	0.782684
36	60	4572	0.788548
36	61	4552	0.785098
36	62	4530	0.781304
36	63	4526	0.780614
36	64	4554	0.785443
36	65	4554	0.785443
36	66	4552	0.785098
36	67	4550	0.784753
36	68	4604	0.794067
36	69	4532	0.781649
36	70	4542	0.783374
36	71	4488	0.774060
36	72	4516	0.778889
36	73	4562	0.786823
36	74	4560	0.786478
36	75	4546	0.784063
36	76	4562	0.786823
36	77	4566	0.787513
36	78	4536	0.782339
36	79	4552	0.785098
36	80	4562	0.786823
36	81	4598	0.793032
36	82	4568	0.787858
36	83	4542	0.783374
36	84	4542	0.783374
36	85	4552	0.785098
36	86	4570	0.788203
36	87	4566	0.787513
36	88	4548	0.784408
36	89	4520	0.779579
36	90	4554	0.785443
36	91	4566	0.787513
36	92	4562	0.786823
36	93	4518	0.779234
36	94	4548	0.784408
36	95	4532	0.781649
36	96	4560	0.786478
36	97	4608	0.794757
36	98	4556	0.785788
36	99	4604	0.794067
37	38	4522	0.779924
37	39	4526	0.780614
37	40	4550	0.784753
37	41	4580	0.789928
37	42	4546	0.784063
37	43	4546	0.784063
37	44	4550	0.784753
37	45	4574	0.788893
37	46	4546	0.784063
37	47	4480	0.772680
37	48	4528	0.780959
37	49	4550	0.784753
37	50	4552	0.785098
37	51	4528	0.780959
37	52	4584	0.790617
37	53	4538	0.782684
37	54	4554	0.785443
37	55	4542	0.783374
37	56	4552	0.785098
37	57	4542	0.783374
37	58	4516	0.778889
37	59	4546	0.784063
37	60	4586	0.790962
37	61	4600	0.793377
37	62	4506	0.777165
37	63	4538	0.782684
37	64	4524	0.780269
37	65	4540	0.783029
37	66	4516	0.778889
37	67	4564	0.787168
37	68	4530	0.781304
37	69	4528	0.780959
37	70	4540	0.783029
37	71	4534	0.781994
37	72	4578	0.789583
37	73	4542	0.783374
37	74	4544	0.783719
37	75	4540	0.783029
37	76	4568	0.787858
37	77	4552	0.785098
37	78	4518	0.779234
37	79	4582	0.790273
37	80	4522	0.779924
37	81	4582	0.790273
37	82	4546	0.784063
37	83	4536	0.782339
37	84	4568	0.787858
37	85	4540	0.783029
37	86	4542	0.783374
37	87	4564	0.787168
37	88	4552	0.785098
37	89	4544	0.783719
37	90	4556	0.785788
37	91	4542	0.783374
37	92	4576	0.789238
37	93	4548	0.784408
37	94	4594	0.792342
37	95	4548	0.784408
37	96	4542	0.783374
37	97	4598	0.793032
37	98	4586	0.790962
37	99	4576	0.789238
38	39	4582	0.790273
38	40	4528	0.780959
38	41	4508	0.777509
38	42	4500	0.776130
38	43	4544	0.783719
38	44	4482	0.773025
38	45	4504	0.776820
38	46	4530	0.781304
38	47	4476	0.771990
38	48	4524	0.780269
38	49	4566	0.787513
38	50	4472	0.771300
38	51	4556	0.785788
38	52	4528	0.780959
38	53	4558	0.786133
38	54	4494	0.775095
38	55	4540	0.783029
38	56	4500	0.776130
38	57	4526	0.780614
38	58	4508	0.777509
38	59	4520	0.779579
38	60	4510	0.777854
38	61	4520	0.779579
38	62	4516	0.778889
38	63	4574	0.788893
38	64	4526	0.780614
38	65	4522	0.779924
38	66	4542	0.783374
38	67	4520	0.779579
38	68	4534	0.781994
38	69	4544	0.783719
38	70	4562	0.786823
38	71	4522	0.779924
38	72	4530	0.781304
38	73	4466	0.770266
38	74	4562	0.786823
38	75	4558	0.786133
38	76	4550	0.784753
38	77	4542	0.783374
38	78	4532	0.781649
38	79	4526	0.780614
38	80	4518	0.779234
38	81	4534	0.781994
38	82	4518	0.779234
38	83	4512	0.778199
38	84	4544	0.783719
38	85	4490	0.774405
38	86	4558	0.786133
38	87	4522	0.779924
38	88	4520	0.779579
38	89	4520	0.779579
38	90	4536	0.782339
38	91	4546	0.784063
38	92	4568	0.787858
38	93	4534	0.781994
38	94	4568	0.787858
38	95	4558	0.786133
38	96	4534	0.781994
38	97	4552	0.785098
38	98	4574	0.788893
38	99	4552	0.785098
39	40	4528	0.780959
39	41	4554	0.785443
39	42	4554	0.785443
39	43	4548	0.784408
39	44	4570	0.788203
39	45	4546	0.784063
39	46	4584	0.790617
39	47	4482	0.773025
39	48	4532	0.781649
39	49	4566	0.787513
39	50	4578	0.789583
39	51	4538	0.782684
39	52	4558	0.786133
39	53	4560	0.786478
39	54	4594	0.792342
39	55	4528	0.780959
39	56	4534	0.781994
39	57	4544	0.783719
39	58	4502	0.776475
39	59	4520	0.779579
39	60	4542	0.783374
39	61	4568	0.787858
39	62	4546	0.784063
39	63	4558	0.786133
39	64	4582	0.790273
39	65	4510	0.777854
39	66	4524	0.780269
39	67	4518	0.779234
39	68	4592	0.791997
39	69	4542	0.783374
39	70	4508	0.777509
39	71	4560	0.786478
39	72	4532	0.781649
39	73	4526	0.780614
39	74	4562	0.786823
39	75	4538	0.782684
39	76	4580	0.789928
39	77	4512	0.778199
39	78	4572	0.788548
39	79	4576	0.789238
39	80	4534	0.781994
39	81	4594	0.792342
39	82	4552	0.785098
39	83	4536	0.782339
39	84	4558	0.786133
39	85	4548	0.784408
39	86	4554	0.785443
39	87	4562	0.786823
39	88	4578	0.789583
39	89	4546	0.784063
39	90	4562	0.786823
39	91	4528	0.780959
39	92	4558	0.786133
39	93	4596	0.792687
39	94	4536	0.782339
39	95	4550	0.784753
39	96	4562	0.786823
39	97	4562	0.786823
39	98	4576	0.789238
39	99	4558	0.786133
40	41	4546	0.784063
40	42	4496	0.775440
40	43	4566	0.787513
40	44	4530	0.781304
40	45	4546	0.784063
40	46	4524	0.780269
40	47	4564	0.787168
40	48	4526	0.780614
40	49	4528	0.780959
40	50	4544	0.783719
40	51	4504	0.776820
40	52	4480	0.772680
40	53	4574	0.788893
40	54	4548	0.784408
40	55	4532	0.781649
40	56	4542	0.783374
40	57	4550	0.784753
40	58	4536	0.782339
40	59	4530	0.781304
40	60	4550	0.784753
40	61	4542	0.783374
40	62	4544	0.783719
40	63	4534	0.781994
40	64	4568	0.787858
40	65	4504	0.776820
40	66	4540	0.783029
40	67	4530	0.781304
40	68	4546	0.784063
40	69	4534	0.781994
40	70	4526	0.780614
40	71	4516	0.778889
40	72	4514	0.778544
40	73	4480	0.772680
40	74	4568	0.787858
40	75	4540	0.783029
40	76	4540	0.783029
40	77	4506	0.777165
40	78	4508	0.777509
40	79	4498	0.775785
40	80	4492	0.774750
40	81	4546	0.784063
40	82	4536	0.782339
40	83	4514	0.778544
40	84	4542	0.783374
40	85	4562	0.786823
40	86	4540	0.783029
40	87	4582	0.790273
40	88	4546	0.784063
40	89	4520	0.779579
40	90	4528	0.780959
40	91	4538	0.782684
40	92	4570	0.788203
40	93	4510	0.777854
40	94	4572	0.788548
40	95	4566	0.787513
40	96	4568	0.787858
40	97	4532	0.781649
40	98	4598	0.793032
40	99	4592	0.791997
41	42	4524	0.780269
41	43	4572	0.788548
41	44	4524	0.780269
41	45	4536	0.782339
41	46	4518	0.779234
41	47	4532	0.781649
41	48	4562	0.786823
41	49	4542	0.783374
41	50	4554	0.785443
41	51	4536	0.782339
41	52	4554	0.785443
41	53	4520	0.779579
41	54	4502	0.776475
41	55	4546	0.784063
41	56	4528	0.780959
41	57	4538	0.782684
41	58	4542	0.783374
41	59	4560	0.786478
41	60	4560	0.786478
41	61	4536	0.782339
41	62	4566	0.787513
41	63	4502	0.776475
41	64	4540	0.783029
41	65	4586	0.790962
41	66	4534	0.781994
41	67	4558	0.786133
41	68	4568	0.787858
41	69	4570	0.788203
41	70	4526	0.780614
41	71	4520	0.779579
41	72	4510	0.777854
41	73	4550	0.784753
41	74	4544	0.783719
41	75	4576	0.789238
41	76	4588	0.791307
41	77	4560	0.786478
41	78	4570	0.788203
41	79	4568	0.787858
41	80	4548	0.784408
41	81	4556	0.785788
41	82	4536	0.782339
41	83	4588	0.791307
41	84	4558	0.786133
41	85	4532	0.781649
41	86	4520	0.779579
41	87	4564	0.787168
41	88	4576	0.789238
41	89	4518	0.779234
41	90	4542	0.783374
41	91	4554	0.785443
41	92	4586	0.790962
41	93	4576	0.789238
41	94	4568	0.787858
41	95	4544	0.783719
41	96	4554	0.785443
41	97	4594	0.792342
41	98	4574	0.788893
41	99	4560	0.786478
42	43	4538	0.782684
42	44	4564	0.787168
42	45	4514	0.778544
42	46	4502	0.776475
42	47	4526	0.780614
42	48	4510	0.777854
42	49	4522	0.779924
42	50	4550	0.784753
42	51	4540	0.783029
42	52	4540	0.783029
42	53	4560	0.786478
42	54	4534	0.781994
42	55	4568	0.787858
42	56	4530	0.781304
42	57	4532	0.781649
42	58	4542	0.783374
42	59	4510	0.777854
42	60	4526	0.780614
42	61	4534	0.781994
42	62	4500	0.776130
42	63	4542	0.783374
42	64	4554	0.785443
42	65	4532	0.781649
42	66	4522	0.779924
42	67	4522	0.779924
42	68	4530	0.781304
42	69	4552	0.785098
42	70	4488	0.774060
42	71	4506	0.777165
42	72	4536	0.782339
42	73	4550	0.784753
42	74	4506	0.777165
42	75	4548	0.784408
42	76	4550	0.784753
42	77	4540	0.783029
42	78	4536	0.782339
42	79	4550	0.784753
42	80	4566	0.787513
42	81	4536	0.782339
42	82	4516	0.778889
42	83	4540	0.783029
42	84	4538	0.782684
42	85	4476	0.771990
42	86	4570	0.788203
42	87	4550	0.784753
42	88	4526	0.780614
42	89	4538	0.782684
42	90	4544	0.783719
42	91	4530	0.781304
42	92	4534	0.781994
42	93	4510	0.777854
42	94	4554	0.785443
42	95	4538	0.782684
42	96	4558	0.786133
42	97	4526	0.780614
42	98	4548	0.784408
42	99	4594	0.792342
43	44	4534	0.781994
43	45	4536	0.782339
43	46	4510	0.777854
43	47	4520	0.779579
43	48	4556	0.785788
43	49	4572	0.788548
43	50	4578	0.789583
43	51	4508	0.777509
43	52	4542	0.783374
43	53	4538	0.782684
43	54	4574	0.788893
43	55	4558	0.786133
43	56	4490	0.774405
43	57	4524	0.780269
43	58	4558	0.786133
43	59	4580	0.789928
43	60	4522	0.779924
43	61	4520	0.779579
43	62	4566	0.787513
43	63	4566	0.787513
43	64	4584	0.790617
43	65	4530	0.781304
43	66	4574	0.788893
43	67	4534	0.781994
43	68	4580	0.789928
43	69	4560	0.786478
43	70	4542	0.783374
43	71	4518	0.779234
43	72	4572	0.788548
43	73	4526	0.780614
43	74	4612	0.795447
43	75	4550	0.784753
43	76	4590	0.791652
43	77	4510	0.777854
43	78	4566	0.787513
43	79	4548	0.784408
43	80	4570	0.788203
43	81	4554	0.785443
43	82	4564	0.787168
43	83	4554	0.785443
43	84	4572	0.788548
43	85	4586	0.790962
43	86	4584	0.790617
43	87	4564	0.787168
43	88	4544	0.783719
43	89	4532	0.781649
43	90	4564	0.787168
43	91	4552	0.785098
43	92	4556	0.785788
43	93	4520	0.779579
43	94	4558	0.786133
43	95	4538	0.782684
43	96	4564	0.787168
43	97	4540	0.783029
43	98	4562	0.786823
43	99	4610	0.795102
44	45	4536	0.782339
44	46	4508	0.777509
44	47	4538	0.782684
44	48	4536	0.782339
44	49	4542	0.783374
44	50	4532	0.781649
44	51	4510	0.777854
44	52	4548	0.784408
44	53	4542	0.783374
44	54	4528	0.780959
44	55	4536	0.782339
44	56	4554	0.785443
44	57	4550	0.784753
44	58	4520	0.779579
44	59	4556	0.785788
44	60	4524	0.780269
44	61	4538	0.782684
44	62	4548	0.784408
44	63	4554	0.785443
44	64	4600	0.793377
44	65	4480	0.772680
44	66	4504	0.776820
44	67	4490	0.774405
44	68	4562	0.786823
44	69	4532	0.781649
44	70	4508	0.777509
44	71	4562	0.786823
44	72	4532	0.781649
44	73	4554	0.785443
44	74	4530	0.781304
44	75	4532	0.781649
44	76	4570	0.788203
44	77	4488	0.774060
44	78	4590	0.791652
44	79	4544	0.783719
44	80	4544	0.783719
44	81	4596	0.792687
44	82	4522	0.779924
44	83	4542	0.783374
44	84	4562	0.786823
44	85	4552	0.785098
44	86	4530	0.781304
44	87	4578	0.789583
44	88	4548	0.784408
44	89	4576	0.789238
44	90	4582	0.790273
44	91	4556	0.785788
44	92	4544	0.783719
44	93	4540	0.783029
44	94	4548	0.784408
44	95	4554	0.785443
44	96	4534	0.781994
44	97	4564	0.787168
44	98	4560	0.786478
44	99	4578	0.789583
45	46	4502	0.776475
45	47	4552	0.785098
45	48	4540	0.783029
45	49	4566	0.787513
45	50	4538	0.782684
45	51	4490	0.774405
45	52	4556	0.785788
45	53	4588	0.791307
45	54	4574	0.788893
45	55	4554	0.785443
45	56	4508	0.777509
45	57	4548	0.784408
45	58	4548	0.784408
45	59	4556	0.785788
45	60	4530	0.781304
45	61	4496	0.775440
45	62	4560	0.786478
45	63	4556	0.785788
45	64	4570	0.788203
45	65	4518	0.779234
45	66	4574	0.788893
45	67	4544	0.783719
45	68	4588	0.791307
45	69	4562	0.786823
45	70	4544	0.783719
45	71	4564	0.787168
45	72	4570	0.788203
45	73	4586	0.790962
45	74	4532	0.781649
45	75	4512	0.778199
45	76	4548	0.784408
45	77	4526	0.780614
45	78	4558	0.786133
45	79	4536	0.782339
45	80	4578	0.789583
45	81	4540	0.783029
45	82	4510	0.777854
45	83	4542	0.783374
45	84	4556	0.785788
45	85	4558	0.786133
45	86	4542	0.783374
45	87	4588	0.791307
45	88	4552	0.785098
45	89	4554	0.785443
45	90	4552	0.785098
45	91	4538	0.782684
45	92	4578	0.789583
45	93	4540	0.783029
45	94	4554	0.785443
45	95	4564	0.787168
45	96	4522	0.779924
45	97	4546	0.784063
45	98	4566	0.787513
45	99	4604	0.794067
46	47	4500	0.776130
46	48	4512	0.778199
46	49	4564	0.787168
46	50	4534	0.781994
46	51	4526	0.780614
46	52	4528	0.780959
46	53	4536	0.782339
46	54	4530	0.781304
46	55	4572	0.788548
46	56	4530	0.781304
46	57	4582	0.790273
46	58	4518	0.779234
46	59	4540	0.783029
46	60	4544	0.783719
46	61	4524	0.780269
46	62	4522	0.779924
46	63	4526	0.780614
46	64	4556	0.785788
46	65	4538	0.782684
46	66	4552	0.785098
46	67	4512	0.778199
46	68	4570	0.788203
46	69	4542	0.783374
46	70	4534	0.781994
46	71	4508	0.777509
46	72	4522	0.779924
46	73	4516	0.778889
46	74	4546	0.784063
46	75	4556	0.785788
46	76	4552	0.785098
46	77	4536	0.782339
46	78	4534	0.781994
46	79	4552	0.785098
46	80	4538	0.782684
46	81	4572	0.788548
46	82	4502	0.776475
46	83	4526	0.780614
46	84	4548	0.784408
46	85	4528	0.780959
46	86	4534	0.781994
46	87	4532	0.781649
46	88	4550	0.784753
46	89	4546	0.784063
46	90	4566	0.787513
46	91	4564	0.787168
46	92	4566	0.787513
46	93	4536	0.782339
46	94	4528	0.780959
46	95	4536	0.782339
46	96	4534	0.781994
46	97	4520	0.779579
46	98	4542	0.783374
46	99	4586	0.790962
47	48	4530	0.781304
47	49	4528	0.780959
47	50	4534	0.781994
47	51	4524	0.780269
47	52	4604	0.794067
47	53	4530	0.781304
47	54	4566	0.787513
47	55	4522	0.779924
47	56	4506	0.777165
47	57	4550	0.784753
47	58	4498	0.775785
47	59	4508	0.777509
47	60	4516	0.778889
47	61	4520	0.779579
47	62	4562	0.786823
47	63	4552	0.785098
47	64	4524	0.780269
47	65	4526	0.780614
47	66	4540	0.783029
47	67	4542	0.783374
47	68	4528	0.780959
47	69	4536	0.782339
47	70	4548	0.784408
47	71	4540	0.783029
47	72	4548	0.784408
47	73	4538	0.782684
47	74	4492	0.774750
47	75	4526	0.780614
47	76	4562	0.786823
47	77	4548	0.784408
47	78	4524	0.780269
47	79	4592	0.791997
47	80	4526	0.780614
47	81	4550	0.784753
47	82	4550	0.784753
47	83	4512	0.778199
47	84	4528	0.780959
47	85	4508	0.777509
47	86	4558	0.786133
47	87	4530	0.781304
47	88	4570	0.788203
47	89	4530	0.781304
47	90	4574	0.788893
47	91	4528	0.780959
47	92	4540	0.783029
47	93	4556	0.785788
47	94	4586	0.790962
47	95	4556	0.785788
47	96	4582	0.790273
47	97	4542	0.783374
47	98	4576	0.789238
47	99	4570	0.788203
48	49	4534	0.781994
48	50	4542	0.783374
48	51	4532	0.781649
48	52	4550	0.784753
48	53	4548	0.784408
48	54	4550	0.784753
48	55	4562	0.786823
48	56	4538	0.782684
48	57	4568	0.787858
48	58	4538	0.782684
48	59	4552	0.785098
48	60	4536	0.782339
48	61	4518	0.779234
48	62	4556	0.785788
48	63	4598	0.793032
48	64	4544	0.783719
48	65	4536	0.782339
48	66	4494	0.775095
48	67	4510	0.777854
48	68	4530	0.781304
48	69	4552	0.785098
48	70	4532	0.781649
48	71	4530	0.781304
48	72	4514	0.778544
48	73	4542	0.783374
48	74	4548	0.784408
48	75	4570	0.788203
48	76	4586	0.790962
48	77	4542	0.783374
48	78	4538	0.782684
48	79	4534	0.781994
48	80	4546	0.784063
48	81	4544	0.783719
48	82	4500	0.776130
48	83	4524	0.780269
48	84	4546	0.784063
48	85	4578	0.789583
48	86	4576	0.789238
48	87	4560	0.786478
48	88	4538	0.782684
48	89	4548	0.784408
48	90	4558	0.786133
48	91	4564	0.787168
48	92	4546	0.784063
48	93	4538	0.782684
48	94	4556	0.785788
48	95	4582	0.790273
48	96	4516	0.778889
48	97	4552	0.785098
48	98	4572	0.788548
48	99	4568	0.787858
49	50	4592	0.791997
49	51	4548	0.784408
49	52	4552	0.785098
49	53	4530	0.781304
49	54	4532	0.781649
49	55	4564	0.787168
49	56	4570	0.788203
49	57	4564	0.787168
49	58	4562	0.786823
49	59	4528	0.780959
49	60	4558	0.786133
49	61	4548	0.784408
49	62	4534	0.781994
49	63	4552	0.785098
49	64	4564	0.787168
49	65	4508	0.777509
49	66	4494	0.775095
49	67	4524	0.780269
49	68	4542	0.783374
49	69	4522	0.779924
49	70	4546	0.784063
49	71	4596	0.792687
49	72	4546	0.784063
49	73	4532	0.781649
49	74	4570	0.788203
49	75	4544	0.783719
49	76	4542	0.783374
49	77	4580	0.789928
49	78	4580	0.789928
49	79	4544	0.783719
49	80	4530	0.781304
49	81	4544	0.783719
49	82	4580	0.789928
49	83	4568	0.787858
49	84	4576	0.789238
49	85	4566	0.787513
49	86	4544	0.783719
49	87	4588	0.791307
49	88	4558	0.786133
49	89	4548	0.784408
49	90	4548	0.784408
49	91	4536	0.782339
49	92	4598	0.793032
49	93	4544	0.783719
49	94	4550	0.784753
49	95	4558	0.786133
49	96	4570	0.788203
49	97	4558	0.786133
49	98	4604	0.794067
49	99	4570	0.788203
50	51	4542	0.783374
50	52	4514	0.778544
50	53	4584	0.790617
50	54	4552	0.785098
50	55	4600	0.793377
50	56	4498	0.775785
50	57	4550	0.784753
50	58	4544	0.783719
50	59	4528	0.780959
50	60	4528	0.780959
50	61	4530	0.781304
50	62	4520	0.779579
50	63	4546	0.784063
50	64	4592	0.791997
50	65	4570	0.788203
50	66	4548	0.784408
50	67	4490	0.774405
50	68	4572	0.788548
50	69	4516	0.778889
50	70	4552	0.785098
50	71	4532	0.781649
50	72	4564	0.787168
50	73	4540	0.783029
50	74	4542	0.783374
50	75	4514	0.778544
50	76	4530	0.781304
50	77	4524	0.780269
50	78	4524	0.780269
50	79	4544	0.783719
50	80	4530	0.781304
50	81	4580	0.789928
50	82	4550	0.784753
50	83	4538	0.782684
50	84	4544	0.783719
50	85	4516	0.778889
50	86	4528	0.780959
50	87	4566	0.787513
50	88	4558	0.786133
50	89	4540	0.783029
50	90	4534	0.781994
50	91	4578	0.789583
50	92	4554	0.785443
50	93	4534	0.781994
50	94	4578	0.789583
50	95	4580	0.789928
50	96	4508	0.777509
50	97	4604	0.794067
50	98	4554	0.785443
50	99	4586	0.790962
51	52	4536	0.782339
51	53	4546	0.784063
51	54	4558	0.786133
51	55	4522	0.779924
51	56	4496	0.775440
51	57	4516	0.778889
51	58	4524	0.780269
51	59	4556	0.785788
51	60	4542	0.783374
51	61	4542	0.783374
51	62	4556	0.785788
51	63	4526	0.780614
51	64	4580	0.789928
51	65	4506	0.777165
51	66	4566	0.787513
51	67	4538	0.782684
51	68	4554	0.785443
51	69	4576	0.789238
51	70	4524	0.780269
51	71	4542	0.783374
51	72	4476	0.771990
51	73	4530	0.781304
51	74	4516	0.778889
51	75	4532	0.781649
51	76	4532	0.781649
51	77	4506	0.777165
51	78	4532	0.781649
51	79	4550	0.784753
51	80	4536	0.782339
51	81	4554	0.785443
51	82	4540	0.783029
51	83	4544	0.783719
51	84	4536	0.782339
51	85	4522	0.779924
51	86	4548	0.784408
51	87	4616	0.796137
51	88	4504	0.776820
51	89	4530	0.781304
51	90	4534	0.781994
51	91	4530	0.781304
51	92	4580	0.789928
51	93	4496	0.775440
51	94	4552	0.785098
51	95	4540	0.783029
51	96	4548	0.784408
51	97	4556	0.785788
51	98	4546	0.784063
51	99	4546	0.784063
52	53	4506	0.777165
52	54	4562	0.786823
52	55	4566	0.787513
52	56	4516	0.778889
52	57	4500	0.776130
52	58	4536	0.782339
52	59	4538	0.782684
52	60	4542	0.783374
52	61	4520	0.779579
52	62	4532	0.781649
52	63	4488	0.774060
52	64	4542	0.783374
52	65	4546	0.784063
52	66	4546	0.784063
52	67	4556	0.785788
52	68	4566	0.787513
52	69	4552	0.785098
52	70	4538	0.782684
52	71	4516	0.778889
52	72	4538	0.782684
52	73	4512	0.778199
52	74	4528	0.780959
52	75	4526	0.780614
52	76	4530	0.781304
52	77	4542	0.783374
52	78	4498	0.775785
52	79	4508	0.777509
52	80	4536	0.782339
52	81	4554	0.785443
52	82	4520	0.779579
52	83	4524	0.780269
52	84	4536	0.782339
52	85	4556	0.785788
52	86	4588	0.791307
52	87	4564	0.787168
52	88	4558	0.786133
52	89	4564	0.787168
52	90	4536	0.782339
52	91	4540	0.783029
52	92	4574	0.788893
52	93	4524	0.780269
52	94	4578	0.789583
52	95	4524	0.780269
52	96	4568	0.787858
52	97	4562	0.786823
52	98	4588	0.791307
52	99	4608	0.794757
53	54	4564	0.787168
53	55	4558	0.786133
53	56	4564	0.787168
53	57	4544	0.783719
53	58	4550	0.784753
53	59	4552	0.785098
53	60	4532	0.781649
53	61	4526	0.780614
53	62	4550	0.784753
53	63	4536	0.782339
53	64	4518	0.779234
53	65	4524	0.780269
53	66	4542	0.783374
53	67	4558	0.786133
53	68	4576	0.789238
53	69	4578	0.789583
53	70	4572	0.788548
53	71	4540	0.783029
53	72	4526	0.780614
53	73	4488	0.774060
53	74	4580	0.789928
53	75	4578	0.789583
53	76	4576	0.789238
53	77	4548	0.784408
53	78	4576	0.789238
53	79	4570	0.788203
53	80	4548	0.784408
53	81	4576	0.789238
53	82	4556	0.785788
53	83	4544	0.783719
53	84	4528	0.780959
53	85	4544	0.783719
53	86	4556	0.785788
53	87	4518	0.779234
53	88	4552	0.785098
53	89	4526	0.780614
53	90	4558	0.786133
53	91	4502	0.776475
53	92	4554	0.785443
53	93	4544	0.783719
53	94	4556	0.785788
53	95	4514	0.778544
53	96	4558	0.786133
53	97	4596	0.792687
53	98	4564	0.787168
53	99	4598	0.793032
54	55	4574	0.788893
54	56	4508	0.777509
54	57	4558	0.786133
54	58	4534	0.781994
54	59	4556	0.785788
54	60	4524	0.780269
54	61	4554	0.785443
54	62	4562	0.786823
54	63	4520	0.779579
54	64	4596	0.792687
54	65	4554	0.785443
54	66	4550	0.784753
54	67	4564	0.787168
54	68	4532	0.781649
54	69	4564	0.787168
54	70	4532	0.781649
54	71	4566	0.787513
54	72	4544	0.783719
54	73	4562	0.786823
54	74	4510	0.777854
54	75	4526	0.780614
54	76	4548	0.784408
54	77	4548	0.784408
54	78	4540	0.783029
54	79	4566	0.787513
54	80	4542	0.783374
54	81	4528	0.780959
54	82	4514	0.778544
54	83	4572	0.788548
54	84	4524	0.780269
54	85	4520	0.779579
54	86	4564	0.787168
54	87	4558	0.786133
54	88	4542	0.783374
54	89	4558	0.786133
54	90	4556	0.785788
54	91	4550	0.784753
54	92	4522	0.779924
54	93	4530	0.781304
54	94	4538	0.782684
54	95	4540	0.783029
54	96	4540	0.783029
54	97	4590	0.791652
54	98	4554	0.785443
54	99	4570	0.788203
55	56	4572	0.788548
55	57	4564	0.787168
55	58	4528	0.780959
55	59	4512	0.778199
55	60	4576	0.789238
55	61	4548	0.784408
55	62	4562	0.786823
55	63	4538	0.782684
55	64	4590	0.791652
55	65	4562	0.786823
55	66	4532	0.781649
55	67	4572	0.788548
55	68	4596	0.792687
55	69	4574	0.788893
55	70	4546	0.784063
55	71	4524	0.780269
55	72	4532	0.781649
55	73	4554	0.785443
55	74	4556	0.785788
55	75	4562	0.786823
55	76	4582	0.790273
55	77	4568	0.787858
55	78	4580	0.789928
55	79	4538	0.782684
55	80	4556	0.785788
55	81	4576	0.789238
55	82	4536	0.782339
55	83	4526	0.780614
55	84	4536	0.782339
55	85	4562	0.786823
55	86	4560	0.786478
55	87	4568	0.787858
55	88	4542	0.783374
55	89	4578	0.789583
55	90	4552	0.785098
55	91	4532	0.781649
55	92	4586	0.790962
55	93	4572	0.788548
55	94	4526	0.780614
55	95	4588	0.791307
55	96	4576	0.789238
55	97	4548	0.784408
55	98	4582	0.790273
55	99	4572	0.788548
56	57	4490	0.774405
56	58	4544	0.783719
56	59	4528	0.780959
56	60	4498	0.775785
56	61	4510	0.777854
56	62	4560	0.786478
56	63	4516	0.778889
56	64	4554	0.785443
56	65	4522	0.779924
56	66	4548	0.784408
56	67	4514	0.778544
56	68	4574	0.788893
56	69	4500	0.776130
56	70	4528	0.780959
56	71	4502	0.776475
56	72	4516	0.778889
56	73	4510	0.777854
56	74	4546	0.784063
56	75	4558	0.786133
56	76	4504	0.776820
56	77	4508	0.777509
56	78	4508	0.777509
56	79	4566	0.787513
56	80	4510	0.777854
56	81	4526	0.780614
56	82	4464	0.769921
56	83	4522	0.779924
56	84	4556	0.785788
56	85	4530	0.781304
56	86	4538	0.782684
56	87	4530	0.781304
56	88	4538	0.782684
56	89	4534	0.781994
56	90	4518	0.779234
56	91	4522	0.779924
56	92	4570	0.788203
56	93	4504	0.776820
56	94	4536	0.782339
56	95	4510	0.777854
56	96	4540	0.783029
56	97	4548	0.784408
56	98	4526	0.780614
56	99	4568	0.787858
57	58	4590	0.791652
57	59	4534	0.781994
57	60	4514	0.778544
57	61	4528	0.780959
57	62	4560	0.786478
57	63	4538	0.782684
57	64	4572	0.788548
57	65	4510	0.777854
57	66	4594	0.792342
57	67	4572	0.788548
57	68	4556	0.785788
57	69	4532	0.781649
57	70	4558	0.786133
57	71	4528	0.780959
57	72	4550	0.784753
57	73	4546	0.784063
57	74	4550	0.784753
57	75	4540	0.783029
57	76	4584	0.790617
57	77	4510	0.777854
57	78	4530	0.781304
57	79	4568	0.787858
57	80	4570	0.788203
57	81	4574	0.788893
57	82	4546	0.784063
57	83	4498	0.775785
57	84	4576	0.789238
57	85	4536	0.782339
57	86	4506	0.777165
57	87	4542	0.783374
57	88	4566	0.787513
57	89	4558	0.786133
57	90	4532	0.781649
57	91	4564	0.787168
57	92	4594	0.792342
57	93	4534	0.781994
57	94	4562	0.786823
57	95	4516	0.778889
57	96	4580	0.789928
57	97	4546	0.784063
57	98	4574	0.788893
57	99	4536	0.782339
58	59	4576	0.789238
58	60	4512	0.778199
58	61	4522	0.779924
58	62	4542	0.783374
58	63	4542	0.783374
58	64	4574	0.788893
58	65	4532	0.781649
58	66	4536	0.782339
58	67	4540	0.783029
58	68	4528	0.780959
58	69	4532	0.781649
58	70	4510	0.777854
58	71	4540	0.783029
58	72	4566	0.787513
58	73	4548	0.784408
58	74	4528	0.780959
58	75	4524	0.780269
58	76	4524	0.780269
58	77	4558	0.786133
58	78	4542	0.783374
58	79	4530	0.781304
58	80	4536	0.782339
58	81	4534	0.781994
58	82	4536	0.782339
58	83	4516	0.778889
58	84	4530	0.781304
58	85	4568	0.787858
58	86	4598	0.793032
58	87	4594	0.792342
58	88	4556	0.785788
58	89	4510	0.777854
58	90	4596	0.792687
58	91	4564	0.787168
58	92	4560	0.786478
58	93	4582	0.790273
58	94	4550	0.784753
58	95	4580	0.789928
58	96	4554	0.785443
58	97	4554	0.785443
58	98	4566	0.787513
58	99	4566	0.787513
59	60	4520	0.779579
59	61	4526	0.780614
59	62	4548	0.784408
59	63	4546	0.784063
59	64	4576	0.789238
59	65	4500	0.776130
59	66	4494	0.775095
59	67	4584	0.790617
59	68	4544	0.783719
59	69	4542	0.783374
59	70	4564	0.787168
59	71	4518	0.779234
59	72	4564	0.787168
59	73	4530	0.781304
59	74	4562	0.786823
59	75	4566	0.787513
59	76	4536	0.782339
59	77	4576	0.789238
59	78	4522	0.779924
59	79	4534	0.781994
59	80	4570	0.788203
59	81	4566	0.787513
59	82	4560	0.786478
59	83	4606	0.794412
59	84	4506	0.777165
59	85	4522	0.779924
59	86	4568	0.787858
59	87	4542	0.783374
59	88	4524	0.780269
59	89	4506	0.777165
59	90	4548	0.784408
59	91	4510	0.777854
59	92	4554	0.785443
59	93	4552	0.785098
59	94	4538	0.782684
59	95	4562	0.786823
59	96	4582	0.790273
59	97	4534	0.781994
59	98	4578	0.789583
59	99	4584	0.790617
60	61	4498	0.775785
60	62	4534	0.781994
60	63	4522	0.779924
60	64	4552	0.785098
60	65	4518	0.779234
60	66	4584	0.790617
60	67	4504	0.776820
60	68	4536	0.782339
60	69	4552	0.785098
60	70	4556	0.785788
60	71	4544	0.783719
60	72	4534	0.781994
60	73	4538	0.782684
60	74	4540	0.783029
60	75	4540	0.783029
60	76	4580	0.789928
60	77	4516	0.778889
60	78	4522	0.779924
60	79	4540	0.783029
60	80	4514	0.778544
60	81	4542	0.783374
60	82	4554	0.785443
60	83	4536	0.782339
60	84	4554	0.785443
60	85	4534	0.781994
60	86	4546	0.784063
60	87	4568	0.787858
60	88	4538	0.782684
60	89	4510	0.777854
60	90	4582	0.790273
60	91	4514	0.778544
60	92	4558	0.786133
60	93	4520	0.779579
60	94	4538	0.782684
60	95	4542	0.783374
60	96	4500	0.776130
60	97	4550	0.784753
60	98	4542	0.783374
60	99	4548	0.784408
61	62	4542	0.783374
61	63	4488	0.774060
61	64	4554	0.785443
61	65	4534	0.781994
61	66	4526	0.780614
61	67	4546	0.784063
61	68	4524	0.780269
61	69	4556	0.785788
61	70	4532	0.781649
61	71	4538	0.782684
61	72	4584	0.790617
61	73	4540	0.783029
61	74	4514	0.778544
61	75	4556	0.785788
61	76	4566	0.787513
61	77	4530	0.781304
61	78	4560	0.786478
61	79	4564	0.787168
61	80	4588	0.791307
61	81	4524	0.780269
61	82	4538	0.782684
61	83	4516	0.778889
61	84	4584	0.790617
61	85	4506	0.777165
61	86	4572	0.788548
61	87	4552	0.785098
61	88	4578	0.789583
61	89	4526	0.780614
61	90	4542	0.783374
61	91	4526	0.780614
61	92	4584	0.790617
61	93	4580	0.789928
61	94	4518	0.779234
61	95	4568	0.787858
61	96	4514	0.778544
61	97	4538	0.782684
61	98	4568	0.787858
61	99	4560	0.786478
62	63	4520	0.779579
62	64	4552	0.785098
62	65	4560	0.786478
62	66	4542	0.783374
62	67	4534	0.781994
62	68	4548	0.784408
62	69	4550	0.784753
62	70	4518	0.779234
62	71	4518	0.779234
62	72	4516	0.778889
62	73	4526	0.780614
62	74	4590	0.791652
62	75	4538	0.782684
62	76	4548	0.784408
62	77	4526	0.780614
62	78	4558	0.786133
62	79	4556	0.785788
62	80	4522	0.779924
62	81	4556	0.785788
62	82	4574	0.788893
62	83	4542	0.783374
62	84	4536	0.782339
62	85	4548	0.784408
62	86	4544	0.783719
62	87	4606	0.794412
62	88	4548	0.784408
62	89	4530	0.781304
62	90	4512	0.778199
62	91	4562	0.786823
62	92	4588	0.791307
62	93	4524	0.780269
62	94	4606	0.794412
62	95	4530	0.781304
62	96	4534	0.781994
62	97	4570	0.788203
62	98	4574	0.788893
62	99	4562	0.786823
63	64	4554	0.785443
63	65	4536	0.782339
63	66	4538	0.782684
63	67	4540	0.783029
63	68	4542	0.783374
63	69	4512	0.778199
63	70	4516	0.778889
63	71	4514	0.778544
63	72	4558	0.786133
63	73	4544	0.783719
63	74	4588	0.791307
63	75	4518	0.779234
63	76	4584	0.790617
63	77	4568	0.787858
63	78	4536	0.782339
63	79	4546	0.784063
63	80	4536	0.782339
63	81	4586	0.790962
63	82	4524	0.780269
63	83	4586	0.790962
63	84	4540	0.783029
63	85	4576	0.789238
63	86	4518	0.779234
63	87	4538	0.782684
63	88	4560	0.786478
63	89	4524	0.780269
63	90	4550	0.784753
63	91	4530	0.781304
63	92	4600	0.793377
63	93	4560	0.786478
63	94	4534	0.781994
63	95	4558	0.786133
63	96	4540	0.783029
63	97	4580	0.789928
63	98	4550	0.784753
63	99	4556	0.785788
64	65	4586	0.790962
64	66	4532	0.781649
64	67	4530	0.781304
64	68	4568	0.787858
64	69	4566	0.787513
64	70	4542	0.783374
64	71	4530	0.781304
64	72	4548	0.784408
64	73	4516	0.778889
64	74	4586	0.790962
64	75	4586	0.790962
64	76	4584	0.790617
64	77	4534	0.781994
64	78	4562	0.786823
64	79	4568	0.787858
64	80	4544	0.783719
64	81	4524	0.780269
64	82	4572	0.788548
64	83	4526	0.780614
64	84	4566	0.787513
64	85	4564	0.787168
64	86	4578	0.789583
64	87	4550	0.784753
64	88	4522	0.779924
64	89	4530	0.781304
64	90	4580	0.789928
64	91	4590	0.791652
64	92	4588	0.791307
64	93	4574	0.788893
64	94	4554	0.785443
64	95	4584	0.790617
64	96	4550	0.784753
64	97	4572	0.788548
64	98	4584	0.790617
64	99	4630	0.798551
65	66	4556	0.785788
65	67	4556	0.785788
65	68	4574	0.788893
65	69	4522	0.779924
65	70	4560	0.786478
65	71	4518	0.779234
65	72	4552	0.785098
65	73	4510	0.777854
65	74	4584	0.790617
65	75	4520	0.779579
65	76	4566	0.787513
65	77	4520	0.779579
65	78	4570	0.788203
65	79	4546	0.784063
65	80	4538	0.782684
65	81	4582	0.790273
65	82	4576	0.789238
65	83	4532	0.781649
65	84	4526	0.780614
65	85	4584	0.790617
65	86	4570	0.788203
65	87	4584	0.790617
65	88	4560	0.786478
65	89	4520	0.779579
65	90	4586	0.790962
65	91	4514	0.778544
65	92	4596	0.792687
65	93	4532	0.781649
65	94	4558	0.786133
65	95	4540	0.783029
65	96	4522	0.779924
65	97	4554	0.785443
65	98	4560	0.786478
65	99	4564	0.787168
66	67	4542	0.783374
66	68	4554	0.785443
66	69	4484	0.773370
66	70	4540	0.783029
66	71	4534	0.781994
66	72	4576	0.789238
66	73	4532	0.781649
66	74	4526	0.780614
66	75	4564	0.787168
66	76	4568	0.787858
66	77	4550	0.784753
66	78	4588	0.791307
66	79	4574	0.788893
66	80	4528	0.780959
66	81	4578	0.789583
66	82	4540	0.783029
66	83	4534	0.781994
66	84	4570	0.788203
66	85	4568	0.787858
66	86	4552	0.785098
66	87	4584	0.790617
66	88	4564	0.787168
66	89	4490	0.774405
66	90	4542	0.783374
66	91	4534	0.781994
66	92	4602	0.793722
66	93	4532	0.781649
66	94	4584	0.790617
66	95	4544	0.783719
66	96	4558	0.786133
66	97	4564	0.787168
66	98	4588	0.791307
66	99	4606	0.794412
67	68	4552	0.785098
67	69	4514	0.778544
67	70	4542	0.783374
67	71	4524	0.780269
67	72	4568	0.787858
67	73	4558	0.786133
67	74	4560	0.786478
67	75	4540	0.783029
67	76	4562	0.786823
67	77	4512	0.778199
67	78	4512	0.778199
67	79	4540	0.783029
67	80	4558	0.786133
67	81	4516	0.778889
67	82	4516	0.778889
67	83	4522	0.779924
67	84	4552	0.785098
67	85	4558	0.786133
67	86	4546	0.784063
67	87	4580	0.789928
67	88	4558	0.786133
67	89	4514	0.778544
67	90	4554	0.785443
67	91	4568	0.787858
67	92	4558	0.786133
67	93	4552	0.785098
67	94	4534	0.781994
67	95	4582	0.790273
67	96	4564	0.787168
67	97	4564	0.787168
67	98	4570	0.788203
67	99	4526	0.780614
68	69	4536	0.782339
68	70	4558	0.786133
68	71	4546	0.784063
68	72	4576	0.789238
68	73	4552	0.785098
68	74	4592	0.791997
68	75	4516	0.778889
68	76	4542	0.783374
68	77	4584	0.790617
68	78	4592	0.791997
68	79	4574	0.788893
68	80	4550	0.784753
68	81	4552	0.785098
68	82	4568	0.787858
68	83	4580	0.789928
68	84	4544	0.783719
68	85	4534	0.781994
68	86	4566	0.787513
68	87	4548	0.784408
68	88	4554	0.785443
68	89	4580	0.789928
68	90	4576	0.789238
68	91	4582	0.790273
68	92	4590	0.791652
68	93	4560	0.786478
68	94	4542	0.783374
68	95	4580	0.789928
68	96	4538	0.782684
68	97	4532	0.781649
68	98	4582	0.790273
68	99	4506	0.777165
69	70	4548	0.784408
69	71	4518	0.779234
69	72	4562	0.786823
69	73	4546	0.784063
69	74	4592	0.791997
69	75	4516	0.778889
69	76	4550	0.784753
69	77	4562	0.786823
69	78	4546	0.784063
69	79	4522	0.779924
69	80	4530	0.781304
69	81	4580	0.789928
69	82	4548	0.784408
69	83	4560	0.786478
69	84	4536	0.782339
69	85	4542	0.783374
69	86	4560	0.786478
69	87	4546	0.784063
69	88	4614	0.795792
69	89	4554	0.785443
69	90	4556	0.785788
69	91	4542	0.783374
69	92	4600	0.793377
69	93	4536	0.782339
69	94	4554	0.785443
69	95	4588	0.791307
69	96	4562	0.786823
69	97	4578	0.789583
69	98	4588	0.791307
69	99	4560	0.786478
70	71	4526	0.780614
70	72	4530	0.781304
70	73	4534	0.781994
70	74	4538	0.782684
70	75	4498	0.775785
70	76	4570	0.788203
70	77	4556	0.785788
70	78	4538	0.782684
70	79	4526	0.780614
70	80	4530	0.781304
70	81	4570	0.788203
70	82	4502	0.776475
70	83	4548	0.784408
70	84	4566	0.787513
70	85	4560	0.786478
70	86	4574	0.788893
70	87	4560	0.786478
70	88	4550	0.784753
70	89	4514	0.778544
70	90	4564	0.787168
70	91	4548	0.784408
70	92	4540	0.783029
70	93	4550	0.784753
70	94	4578	0.789583
70	95	4568	0.787858
70	96	4536	0.782339
70	97	4594	0.792342
70	98	4546	0.784063
70	99	4556	0.785788
71	72	4526	0.780614
71	73	4528	0.780959
71	74	4580	0.789928
71	75	4514	0.778544
71	76	4554	0.785443
71	77	4578	0.789583
71	78	4512	0.778199
71	79	4568	0.787858
71	80	4538	0.782684
71	81	4558	0.786133
71	82	4552	0.785098
71	83	4498	0.775785
71	84	4538	0.782684
71	85	4570	0.788203
71	86	4504	0.776820
71	87	4528	0.780959
71	88	4544	0.783719
71	89	4504	0.776820
71	90	4524	0.780269
71	91	4536	0.782339
71	92	4548	0.784408
71	93	4478	0.772335
71	94	4542	0.783374
71	95	4560	0.786478
71	96	4512	0.778199
71	97	4562	0.786823
71	98	4584	0.790617
71	99	4572	0.788548
72	73	4532	0.781649
72	74	4540	0.783029
72	75	4534	0.781994
72	76	4538	0.782684
72	77	4522	0.779924
72	78	4554	0.785443
72	79	4540	0.783029
72	80	4592	0.791997
72	81	4618	0.796482
72	82	4530	0.781304
72	83	4540	0.783029
72	84	4518	0.779234
72	85	4572	0.788548
72	86	4524	0.780269
72	87	4556	0.785788
72	88	4526	0.780614
72	89	4506	0.777165
72	90	4496	0.775440
72	91	4524	0.780269
72	92	4598	0.793032
72	93	4540	0.783029
72	94	4582	0.790273
72	95	4548	0.784408
72	96	4584	0.790617
72	97	4504	0.776820
72	98	4542	0.783374
72	99	4570	0.788203
73	74	4556	0.785788
73	75	4558	0.786133
73	76	4568	0.787858
73	77	4496	0.775440
73	78	4550	0.784753
73	79	4552	0.785098
73	80	4558	0.786133
73	81	4550	0.784753
73	82	4574	0.788893
73	83	4520	0.779579
73	84	4518	0.779234
73	85	4556	0.785788
73	86	4572	0.788548
73	87	4572	0.788548
73	88	4568	0.787858
73	89	4560	0.786478
73	90	4552	0.785098
73	91	4566	0.787513
73	92	4570	0.788203
73	93	4508	0.777509
73	94	4572	0.788548
73	95	4500	0.776130
73	96	4552	0.785098
73	97	4588	0.791307
73	98	4554	0.785443
73	99	4578	0.789583
74	75	4532	0.781649
74	76	4562	0.786823
74	77	4538	0.782684
74	78	4570	0.788203
74	79	4562	0.786823
74	80	4598	0.793032
74	81	4552	0.785098
74	82	4536	0.782339
74	83	4546	0.784063
74	84	4550	0.784753
74	85	4534	0.781994
74	86	4554	0.785443
74	87	4606	0.794412
74	88	4586	0.790962
74	89	4554	0.785443
74	90	4534	0.781994
74	91	4554	0.785443
74	92	4576	0.789238
74	93	4572	0.788548
74	94	4576	0.789238
74	95	4548	0.784408
74	96	4552	0.785098
74	97	4572	0.788548
74	98	4576	0.789238
74	99	4572	0.788548
75	76	4544	0.783719
75	77	4576	0.789238
75	78	4528	0.780959
75	79	4554	0.785443
75	80	4536	0.782339
75	81	4586	0.790962
75	82	4554	0.785443
75	83	4530	0.781304
75	84	4590	0.791652
75	85	4534	0.781994
75	86	4512	0.778199
75	87	4570	0.788203
75	88	4552	0.785098
75	89	4534	0.781994
75	90	4560	0.786478
75	91	4568	0.787858
75	92	4604	0.794067
75	93	4578	0.789583
75	94	4562	0.786823
75	95	4574	0.788893
75	96	4536	0.782339
75	97	4580	0.789928
75	98	4548	0.784408
75	99	4558	0.786133
76	77	4612	0.795447
76	78	4528	0.780959
76	79	4580	0.789928
76	80	4560	0.786478
76	81	4602	0.793722
76	82	4598	0.793032
76	83	4572	0.788548
76	84	4576	0.789238
76	85	4548	0.784408
76	86	4560	0.786478
76	87	4582	0.790273
76	88	4570	0.788203
76	89	4576	0.789238
76	90	4578	0.789583
76	91	4560	0.786478
76	92	4572	0.788548
76	93	4552	0.785098
76	94	4582	0.790273
76	95	4520	0.779579
76	96	4544	0.783719
76	97	4590	0.791652
76	98	4580	0.789928
76	99	4586	0.790962
77	78	4548	0.784408
77	79	4572	0.788548
77	80	4518	0.779234
77	81	4466	0.770266
77	82	4528	0.780959
77	83	4540	0.783029
77	84	4574	0.788893
77	85	4560	0.786478
77	86	4542	0.783374
77	87	4568	0.787858
77	88	4560	0.786478
77	89	4556	0.785788
77	90	4554	0.785443
77	91	4532	0.781649
77	92	4566	0.787513
77	93	4522	0.779924
77	94	4558	0.786133
77	95	4586	0.790962
77	96	4554	0.785443
77	97	4568	0.787858
77	98	4544	0.783719
77	99	4576	0.789238
78	79	4574	0.788893
78	80	4558	0.786133
78	81	4552	0.785098
78	82	4520	0.779579
78	83	4540	0.783029
78	84	4562	0.786823
78	85	4508	0.777509
78	86	4554	0.785443
78	87	4540	0.783029
78	88	4542	0.783374
78	89	4500	0.776130
78	90	4562	0.786823
78	91	4532	0.781649
78	92	4590	0.791652
78	93	4574	0.788893
78	94	4566	0.787513
78	95	4560	0.786478
78	96	4596	0.792687
78	97	4578	0.789583
78	98	4566	0.787513
78	99	4556	0.785788
79	80	4584	0.790617
79	81	4578	0.789583
79	82	4552	0.785098
79	83	4570	0.788203
79	84	4564	0.787168
79	85	4584	0.790617
79	86	4572	0.788548
79	87	4540	0.783029
79	88	4564	0.787168
79	89	4554	0.785443
79	90	4538	0.782684
79	91	4534	0.781994
79	92	4576	0.789238
79	93	4558	0.786133
79	94	4598	0.793032
79	95	4612	0.795447
79	96	4592	0.791997
79	97	4552	0.785098
79	98	4628	0.798206
79	99	4600	0.793377
80	81	4530	0.781304
80	82	4538	0.782684
80	83	4532	0.781649
80	84	4600	0.793377
80	85	4576	0.789238
80	86	4590	0.791652
80	87	4584	0.790617
80	88	4544	0.783719
80	89	4554	0.785443
80	90	4532	0.781649
80	91	4524	0.780269
80	92	4540	0.783029
80	93	4556	0.785788
80	94	4578	0.789583
80	95	4558	0.786133
80	96	4536	0.782339
80	97	4578	0.789583
80	98	4572	0.788548
80	99	4566	0.787513
81	82	4550	0.784753
81	83	4540	0.783029
81	84	4600	0.793377
81	85	4558	0.786133
81	86	4614	0.795792
81	87	4604	0.794067
81	88	4534	0.781994
81	89	4568	0.787858
81	90	4612	0.795447
81	91	4592	0.791997
81	92	4518	0.779234
81	93	4578	0.789583
81	94	4612	0.795447
81	95	4566	0.787513
81	96	4586	0.790962
81	97	4596	0.792687
81	98	4588	0.791307
81	99	4576	0.789238
82	83	4522	0.779924
82	84	4556	0.785788
82	85	4556	0.785788
82	86	4564	0.787168
82	87	4548	0.784408
82	88	4550	0.784753
82	89	4526	0.780614
82	90	4580	0.789928
82	91	4538	0.782684
82	92	4578	0.789583
82	93	4566	0.787513
82	94	4556	0.785788
82	95	4556	0.785788
82	96	4536	0.782339
82	97	4560	0.786478
82	98	4554	0.785443
82	99	4558	0.786133
83	84	4560	0.786478
83	85	4548	0.784408
83	86	4530	0.781304
83	87	4578	0.789583
83	88	4554	0.785443
83	89	4566	0.787513
83	90	4546	0.784063
83	91	4578	0.789583
83	92	4542	0.783374
83	93	4544	0.783719
83	94	4550	0.784753
83	95	4562	0.786823
83	96	4542	0.783374
83	97	4580	0.789928
83	98	4546	0.784063
83	99	4564	0.787168
84	85	4588	0.791307
84	86	4578	0.789583
84	87	4574	0.788893
84	88	4564	0.787168
84	89	4526	0.780614
84	90	4566	0.787513
84	91	4544	0.783719
84	92	4546	0.784063
84	93	4562	0.786823
84	94	4564	0.787168
84	95	4552	0.785098
84	96	4528	0.780959
84	97	4566	0.787513
84	98	4526	0.780614
84	99	4598	0.793032
85	86	4552	0.785098
85	87	4570	0.788203
85	88	4554	0.785443
85	89	4528	0.780959
85	90	4544	0.783719
85	91	4550	0.784753
85	92	4518	0.779234
85	93	4540	0.783029
85	94	4560	0.786478
85	95	4572	0.788548
85	96	4568	0.787858
85	97	4552	0.785098
85	98	4558	0.786133
85	99	4548	0.784408
86	87	4560	0.786478
86	88	4590	0.791652
86	89	4524	0.780269
86	90	4558	0.786133
86	91	4546	0.784063
86	92	4592	0.791997
86	93	4522	0.779924
86	94	4518	0.779234
86	95	4550	0.784753
86	96	4576	0.789238
86	97	4598	0.793032
86	98	4552	0.785098
86	99	4546	0.784063
87	88	4592	0.791997
87	89	4554	0.785443
87	90	4546	0.784063
87	91	4540	0.783029
87	92	4592	0.791997
87	93	4590	0.791652
87	94	4548	0.784408
87	95	4590	0.791652
87	96	4594	0.792342
87	97	4562	0.786823
87	98	4590	0.791652
87	99	4592	0.791997
88	89	4534	0.781994
88	90	4568	0.787858
88	91	4510	0.777854
88	92	4580	0.789928
88	93	4556	0.785788
88	94	4564	0.787168
88	95	4590	0.791652
88	96	4568	0.787858
88	97	4548	0.784408
88	98	4578	0.789583
88	99	4610	0.795102
89	90	4536	0.782339
89	91	4522	0.779924
89	92	4594	0.792342
89	93	4564	0.787168
89	94	4558	0.786133
89	95	4550	0.784753
89	96	4548	0.784408
89	97	4552	0.785098
89	98	4584	0.790617
89	99	4596	0.792687
90	91	4582	0.790273
90	92	4586	0.790962
90	93	4544	0.783719
90	94	4562	0.786823
90	95	4570	0.788203
90	96	4556	0.785788
90	97	4538	0.782684
90	98	4608	0.794757
90	99	4584	0.790617
91	92	4558	0.786133
91	93	4534	0.781994
91	94	4564	0.787168
91	95	4572	0.788548
91	96	4578	0.789583
91	97	4514	0.778544
91	98	4598	0.793032
91	99	4560	0.786478
92	93	4576	0.789238
92	94	4528	0.780959
92	95	4572	0.788548
92	96	4572	0.788548
92	97	4608	0.794757
92	98	4592	0.791997
92	99	4610	0.795102
93	94	4596	0.792687
93	95	4554	0.785443
93	96	4542	0.783374
93	97	4596	0.792687
93	98	4560	0.786478
93	99	4568	0.787858
94	95	4548	0.784408
94	96	4558	0.786133
94	97	4566	0.787513
94	98	4582	0.790273
94	99	4544	0.783719
95	96	4526	0.780614
95	97	4554	0.785443
95	98	4546	0.784063
95	99	4590	0.791652
96	97	4554	0.785443
96	98	4562	0.786823
96	99	4616	0.796137
97	98	4594	0.792342
97	99	4620	0.796826
98	99	4580	0.789928
