0	1	7588	0.779696
0	2	7612	0.782162
0	3	7672	0.788327
0	4	7596	0.780518
0	5	7624	0.783395
0	6	7636	0.784628
0	7	7626	0.783600
0	8	7616	0.782573
0	9	7602	0.781134
0	10	7628	0.783806
0	11	7604	0.781340
0	12	7634	0.784423
0	13	7652	0.786272
0	14	7616	0.782573
0	15	7604	0.781340
0	16	7666	0.787711
0	17	7612	0.782162
0	18	7600	0.780929
0	19	7626	0.783600
0	20	7548	0.775586
0	21	7626	0.783600
0	22	7634	0.784423
0	23	7612	0.782162
0	24	7630	0.784012
0	25	7642	0.785245
0	26	7614	0.782367
0	27	7614	0.782367
0	28	7556	0.776408
0	29	7666	0.787711
0	30	7574	0.778257
0	31	7642	0.785245
0	32	7636	0.784628
0	33	7588	0.779696
0	34	7676	0.788738
0	35	7616	0.782573
0	36	7634	0.784423
0	37	7606	0.781545
0	38	7608	0.781751
0	39	7616	0.782573
0	40	7620	0.782984
0	41	7596	0.780518
0	42	7610	0.781956
0	43	7612	0.782162
0	44	7612	0.782162
0	45	7630	0.784012
0	46	7618	0.782778
0	47	7572	0.778052
0	48	7610	0.781956
0	49	7546	0.775380
0	50	7552	0.775997
0	51	7620	0.782984
0	52	7676	0.788738
0	53	7650	0.786067
0	54	7598	0.780723
0	55	7586	0.779490
0	56	7576	0.778463
0	57	7600	0.780929
0	58	7644	0.785450
0	59	7596	0.780518
0	60	7618	0.782778
0	61	7604	0.781340
0	62	7572	0.778052
0	63	7646	0.785656
0	64	7640	0.785039
0	65	7610	0.781956
0	66	7582	0.779079
0	67	7646	0.785656
0	68	7628	0.783806
0	69	7620	0.782984
0	70	7610	0.781956
0	71	7686	0.789766
0	72	7574	0.778257
0	73	7616	0.782573
0	74	7614	0.782367
0	75	7608	0.781751
0	76	7594	0.780312
0	77	7576	0.778463
0	78	7650	0.786067
0	79	7668	0.787916
0	80	7626	0.783600
0	81	7640	0.785039
0	82	7566	0.777435
0	83	7590	0.779901
0	84	7642	0.785245
0	85	7592	0.780107
0	86	7600	0.780929
0	87	7664	0.787505
0	88	7574	0.778257
0	89	7590	0.779901
0	90	7662	0.787300
0	91	7662	0.787300
0	92	7620	0.782984
0	93	7616	0.782573
0	94	7622	0.783189
0	95	7626	0.783600
0	96	7666	0.787711
0	97	7656	0.786683
0	98	7630	0.784012
0	99	7600	0.780929
1	2	7580	0.778874
1	3	7594	0.780312
1	4	7566	0.777435
1	5	7592	0.780107
1	6	7596	0.780518
1	7	7554	0.776202
1	8	7622	0.783189
1	9	7554	0.776202
1	10	7584	0.779285
1	11	7598	0.780723
1	12	7618	0.782778
1	13	7626	0.783600
1	14	7610	0.781956
1	15	7596	0.780518
1	16	7640	0.785039
1	17	7610	0.781956
1	18	7552	0.775997
1	19	7616	0.782573
1	20	7570	0.777846
1	21	7598	0.780723
1	22	7544	0.775175
1	23	7626	0.783600
1	24	7620	0.782984
1	25	7606	0.781545
1	26	7556	0.776408
1	27	7552	0.775997
1	28	7582	0.779079
1	29	7582	0.779079
1	30	7566	0.777435
1	31	7580	0.778874
1	32	7612	0.782162
1	33	7626	0.783600
1	34	7584	0.779285
1	35	7602	0.781134
1	36	7594	0.780312
1	37	7612	0.782162
1	38	7630	0.784012
1	39	7570	0.777846
1	40	7632	0.784217
1	41	7628	0.783806
1	42	7568	0.777641
1	43	7662	0.787300
1	44	7574	0.778257
1	45	7642	0.785245
1	46	7608	0.781751
1	47	7616	0.782573
1	48	7578	0.778668
1	49	7570	0.777846
1	50	7588	0.779696
1	51	7588	0.779696
1	52	7568	0.777641
1	53	7564	0.777230
1	54	7604	0.781340
1	55	7690	0.790177
1	56	7578	0.778668
1	57	7574	0.778257
1	58	7642	0.785245
1	59	7620	0.782984
1	60	7630	0.784012
1	61	7606	0.781545
1	62	7606	0.781545
1	63	7576	0.778463
1	64	7620	0.782984
1	65	7612	0.782162
1	66	7578	0.778668
1	67	7646	0.785656
1	68	7570	0.777846
1	69	7608	0.781751
1	70	7600	0.780929
1	71	7590	0.779901
1	72	7652	0.786272
1	73	7610	0.781956
1	74	7618	0.782778
1	75	7566	0.777435
1	76	7622	0.783189
1	77	7618	0.782778
1	78	7660	0.787094
1	79	7640	0.785039
1	80	7594	0.780312
1	81	7584	0.779285
1	82	7646	0.785656
1	83	7562	0.777024
1	84	7600	0.780929
1	85	7610	0.781956
1	86	7678	0.788944
1	87	7546	0.775380
1	88	7642	0.785245
1	89	7596	0.780518
1	90	7592	0.780107
1	91	7658	0.786889
1	92	7596	0.780518
1	93	7604	0.781340
1	94	7572	0.778052
1	95	7566	0.777435
1	96	7622	0.783189
1	97	7676	0.788738
1	98	7652	0.786272
1	99	7638	0.784834
2	3	7602	0.781134
2	4	7586	0.779490
2	5	7590	0.779901
2	6	7610	0.781956
2	7	7514	0.772092
2	8	7600	0.780929
2	9	7574	0.778257
2	10	7594	0.780312
2	11	7600	0.780929
2	12	7586	0.779490
2	13	7610	0.781956
2	14	7654	0.786478
2	15	7574	0.778257
2	16	7612	0.782162
2	17	7564	0.777230
2	18	7606	0.781545
2	19	7682	0.789355
2	20	7632	0.784217
2	21	7630	0.784012
2	22	7606	0.781545
2	23	7646	0.785656
2	24	7568	0.777641
2	25	7590	0.779901
2	26	7546	0.775380
2	27	7590	0.779901
2	28	7580	0.778874
2	29	7554	0.776202
2	30	7564	0.777230
2	31	7594	0.780312
2	32	7662	0.787300
2	33	7616	0.782573
2	34	7582	0.779079
2	35	7590	0.779901
2	36	7588	0.779696
2	37	7612	0.782162
2	38	7572	0.778052
2	39	7616	0.782573
2	40	7596	0.780518
2	41	7570	0.777846
2	42	7636	0.784628
2	43	7594	0.780312
2	44	7588	0.779696
2	45	7524	0.773120
2	46	7556	0.776408
2	47	7554	0.776202
2	48	7610	0.781956
2	49	7602	0.781134
2	50	7620	0.782984
2	51	7648	0.785861
2	52	7580	0.778874
2	53	7656	0.786683
2	54	7640	0.785039
2	55	7682	0.789355
2	56	7630	0.784012
2	57	7616	0.782573
2	58	7576	0.778463
2	59	7638	0.784834
2	60	7580	0.778874
2	61	7600	0.780929
2	62	7572	0.778052
2	63	7542	0.774969
2	64	7630	0.784012
2	65	7626	0.783600
2	66	7604	0.781340
2	67	7632	0.784217
2	68	7614	0.782367
2	69	7582	0.779079
2	70	7620	0.782984
2	71	7658	0.786889
2	72	7600	0.780929
2	73	7508	0.771476
2	74	7634	0.784423
2	75	7638	0.784834
2	76	7622	0.783189
2	77	7642	0.785245
2	78	7606	0.781545
2	79	7636	0.784628
2	80	7614	0.782367
2	81	7642	0.785245
2	82	7628	0.783806
2	83	7574	0.778257
2	84	7604	0.781340
2	85	7660	0.787094
2	86	7624	0.783395
2	87	7576	0.778463
2	88	7628	0.783806
2	89	7606	0.781545
2	90	7590	0.779901
2	91	7642	0.785245
2	92	7604	0.781340
2	93	7604	0.781340
2	94	7590	0.779901
2	95	7660	0.787094
2	96	7626	0.783600
2	97	7658	0.786889
2	98	7650	0.786067
2	99	7634	0.784423
3	4	7580	0.778874
3	5	7572	0.778052
3	6	7550	0.775791
3	7	7592	0.780107
3	8	7598	0.780723
3	9	7608	0.781751
3	10	7590	0.779901
3	11	7586	0.779490
3	12	7624	0.783395
3	13	7650	0.786067
3	14	7626	0.783600
3	15	7602	0.781134
3	16	7618	0.782778
3	17	7590	0.779901
3	18	7670	0.788122
3	19	7580	0.778874
3	20	7554	0.776202
3	21	7588	0.779696
3	22	7570	0.777846
3	23	7578	0.778668
3	24	7598	0.780723
3	25	7634	0.784423
3	26	7602	0.781134
3	27	7640	0.785039
3	28	7622	0.783189
3	29	7602	0.781134
3	30	7596	0.780518
3	31	7660	0.787094
3	32	7594	0.780312
3	33	7618	0.782778
3	34	7634	0.784423
3	35	7648	0.785861
3	36	7612	0.782162
3	37	7610	0.781956
3	38	7600	0.780929
3	39	7570	0.777846
3	40	7628	0.783806
3	41	7604	0.781340
3	42	7588	0.779696
3	43	7598	0.780723
3	44	7608	0.781751
3	45	7596	0.780518
3	46	7630	0.784012
3	47	7588	0.779696
3	48	7618	0.782778
3	49	7570	0.777846
3	50	7592	0.780107
3	51	7626	0.783600
3	52	7620	0.782984
3	53	7594	0.780312
3	54	7650	0.786067
3	55	7598	0.780723
3	56	7674	0.788533
3	57	7610	0.781956
3	58	7684	0.789560
3	59	7658	0.786889
3	60	7592	0.780107
3	61	7576	0.778463
3	62	7678	0.788944
3	63	7556	0.776408
3	64	7660	0.787094
3	65	7584	0.779285
3	66	7640	0.785039
3	67	7638	0.784834
3	68	7610	0.781956
3	69	7602	0.781134
3	70	7644	0.785450
3	71	7606	0.781545
3	72	7566	0.777435
3	73	7572	0.778052
3	74	7638	0.784834
3	75	7632	0.784217
3	76	7602	0.781134
3	77	7612	0.782162
3	78	7654	0.786478
3	79	7604	0.781340
3	80	7666	0.787711
3	81	7662	0.787300
3	82	7660	0.787094
3	83	7624	0.783395
3	84	7656	0.786683
3	85	7622	0.783189
3	86	7666	0.787711
3	87	7598	0.780723
3	88	7646	0.785656
3	89	7606	0.781545
3	90	7668	0.787916
3	91	7570	0.777846
3	92	7616	0.782573
3	93	7628	0.783806
3	94	7632	0.784217
3	95	7652	0.786272
3	96	7660	0.787094
3	97	7592	0.780107
3	98	7670	0.788122
3	99	7702	0.791410
4	5	7610	0.781956
4	6	7610	0.781956
4	7	7634	0.784423
4	8	7618	0.782778
4	9	7612	0.782162
4	10	7582	0.779079
4	11	7604	0.781340
4	12	7634	0.784423
4	13	7662	0.787300
4	14	7630	0.784012
4	15	7550	0.775791
4	16	7608	0.781751
4	17	7636	0.784628
4	18	7626	0.783600
4	19	7582	0.779079
4	20	7580	0.778874
4	21	7610	0.781956
4	22	7610	0.781956
4	23	7592	0.780107
4	24	7606	0.781545
4	25	7590	0.779901
4	26	7546	0.775380
4	27	7614	0.782367
4	28	7596	0.780518
4	29	7614	0.782367
4	30	7622	0.783189
4	31	7594	0.780312
4	32	7634	0.784423
4	33	7638	0.784834
4	34	7646	0.785656
4	35	7620	0.782984
4	36	7620	0.782984
4	37	7616	0.782573
4	38	7634	0.784423
4	39	7628	0.783806
4	40	7644	0.785450
4	41	7592	0.780107
4	42	7510	0.771681
4	43	7664	0.787505
4	44	7620	0.782984
4	45	7650	0.786067
4	46	7614	0.782367
4	47	7636	0.784628
4	48	7584	0.779285
4	49	7600	0.780929
4	50	7596	0.780518
4	51	7686	0.789766
4	52	7644	0.785450
4	53	7598	0.780723
4	54	7638	0.784834
4	55	7666	0.787711
4	56	7610	0.781956
4	57	7652	0.786272
4	58	7660	0.787094
4	59	7600	0.780929
4	60	7606	0.781545
4	61	7610	0.781956
4	62	7612	0.782162
4	63	7614	0.782367
4	64	7600	0.780929
4	65	7600	0.780929
4	66	7636	0.784628
4	67	7622	0.783189
4	68	7636	0.784628
4	69	7604	0.781340
4	70	7564	0.777230
4	71	7632	0.784217
4	72	7664	0.787505
4	73	7648	0.785861
4	74	7636	0.784628
4	75	7622	0.783189
4	76	7644	0.785450
4	77	7624	0.783395
4	78	7630	0.784012
4	79	7612	0.782162
4	80	7666	0.787711
4	81	7608	0.781751
4	82	7654	0.786478
4	83	7596	0.780518
4	84	7602	0.781134
4	85	7630	0.784012
4	86	7646	0.785656
4	87	7654	0.786478
4	88	7632	0.784217
4	89	7632	0.784217
4	90	7622	0.783189
4	91	7674	0.788533
4	92	7582	0.779079
4	93	7606	0.781545
4	94	7654	0.786478
4	95	7622	0.783189
4	96	7640	0.785039
4	97	7682	0.789355
4	98	7658	0.786889
4	99	7590	0.779901
5	6	7618	0.782778
5	7	7600	0.780929
5	8	7528	0.773531
5	9	7604	0.781340
5	10	7586	0.779490
5	11	7626	0.783600
5	12	7678	0.788944
5	13	7588	0.779696
5	14	7590	0.779901
5	15	7630	0.784012
5	16	7632	0.784217
5	17	7626	0.783600
5	18	7606	0.781545
5	19	7616	0.782573
5	20	7592	0.780107
5	21	7644	0.785450
5	22	7576	0.778463
5	23	7636	0.784628
5	24	7608	0.781751
5	25	7620	0.782984
5	26	7658	0.786889
5	27	7604	0.781340
5	28	7644	0.785450
5	29	7630	0.784012
5	30	7648	0.785861
5	31	7636	0.784628
5	32	7614	0.782367
5	33	7632	0.784217
5	34	7660	0.787094
5	35	7622	0.783189
5	36	7634	0.784423
5	37	7646	0.785656
5	38	7594	0.780312
5	39	7638	0.784834
5	40	7600	0.780929
5	41	7640	0.785039
5	42	7660	0.787094
5	43	7682	0.789355
5	44	7558	0.776613
5	45	7592	0.780107
5	46	7640	0.785039
5	47	7602	0.781134
5	48	7674	0.788533
5	49	7586	0.779490
5	50	7642	0.785245
5	51	7592	0.780107
5	52	7618	0.782778
5	53	7582	0.779079
5	54	7650	0.786067
5	55	7670	0.788122
5	56	7644	0.785450
5	57	7620	0.782984
5	58	7668	0.787916
5	59	7566	0.777435
5	60	7670	0.788122
5	61	7630	0.784012
5	62	7658	0.786889
5	63	7612	0.782162
5	64	7686	0.789766
5	65	7592	0.780107
5	66	7664	0.787505
5	67	7644	0.785450
5	68	7656	0.786683
5	69	7640	0.785039
5	70	7664	0.787505
5	71	7632	0.784217
5	72	7658	0.786889
5	73	7580	0.778874
5	74	7576	0.778463
5	75	7646	0.785656
5	76	7614	0.782367
5	77	7644	0.785450
5	78	7620	0.782984
5	79	7578	0.778668
5	80	7624	0.783395
5	81	7670	0.788122
5	82	7628	0.783806
5	83	7646	0.785656
5	84	7658	0.786889
5	85	7648	0.785861
5	86	7676	0.788738
5	87	7608	0.781751
5	88	7676	0.788738
5	89	7582	0.779079
5	90	7622	0.783189
5	91	7622	0.783189
5	92	7644	0.785450
5	93	7610	0.781956
5	94	7602	0.781134
5	95	7662	0.787300
5	96	7668	0.787916
5	97	7656	0.786683
5	98	7618	0.782778
5	99	7684	0.789560
6	7	7656	0.786683
6	8	7576	0.778463
6	9	7606	0.781545
6	10	7652	0.786272
6	11	7592	0.780107
6	12	7592	0.780107
6	13	7656	0.786683
6	14	7626	0.783600
6	15	7596	0.780518
6	16	7630	0.784012
6	17	7590	0.779901
6	18	7588	0.779696
6	19	7596	0.780518
6	20	7580	0.778874
6	21	7594	0.780312
6	22	7572	0.778052
6	23	7658	0.786889
6	24	7638	0.784834
6	25	7628	0.783806
6	26	7614	0.782367
6	27	7650	0.786067
6	28	7632	0.784217
6	29	7640	0.785039
6	30	7610	0.781956
6	31	7600	0.780929
6	32	7588	0.779696
6	33	7664	0.787505
6	34	7580	0.778874
6	35	7578	0.778668
6	36	7626	0.783600
6	37	7576	0.778463
6	38	7604	0.781340
6	39	7612	0.782162
6	40	7678	0.788944
6	41	7632	0.784217
6	42	7574	0.778257
6	43	7656	0.786683
6	44	7636	0.784628
6	45	7678	0.788944
6	46	7628	0.783806
6	47	7630	0.784012
6	48	7614	0.782367
6	49	7586	0.779490
6	50	7628	0.783806
6	51	7586	0.779490
6	52	7624	0.783395
6	53	7652	0.786272
6	54	7666	0.787711
6	55	7610	0.781956
6	56	7622	0.783189
6	57	7634	0.784423
6	58	7628	0.783806
6	59	7612	0.782162
6	60	7610	0.781956
6	61	7626	0.783600
6	62	7598	0.780723
6	63	7592	0.780107
6	64	7594	0.780312
6	65	7618	0.782778
6	66	7628	0.783806
6	67	7636	0.784628
6	68	7558	0.776613
6	69	7590	0.779901
6	70	7646	0.785656
6	71	7624	0.783395
6	72	7596	0.780518
6	73	7632	0.784217
6	74	7658	0.786889
6	75	7620	0.782984
6	76	7622	0.783189
6	77	7640	0.785039
6	78	7624	0.783395
6	79	7650	0.786067
6	80	7628	0.783806
6	81	7596	0.780518
6	82	7670	0.788122
6	83	7618	0.782778
6	84	7598	0.780723
6	85	7566	0.777435
6	86	7648	0.785861
6	87	7646	0.785656
6	88	7654	0.786478
6	89	7636	0.784628
6	90	7682	0.789355
6	91	7582	0.779079
6	92	7626	0.783600
6	93	7574	0.778257
6	94	7596	0.780518
6	95	7602	0.781134
6	96	7686	0.789766
6	97	7686	0.789766
6	98	7636	0.784628
6	99	7558	0.776613
7	8	7612	0.782162
7	9	7568	0.777641
7	10	7572	0.778052
7	11	7626	0.783600
7	12	7584	0.779285
7	13	7624	0.783395
7	14	7630	0.784012
7	15	7618	0.782778
7	16	7600	0.780929
7	17	7592	0.780107
7	18	7560	0.776819
7	19	7632	0.784217
7	20	7578	0.778668
7	21	7572	0.778052
7	22	7602	0.781134
7	23	7610	0.781956
7	24	7600	0.780929
7	25	7592	0.780107
7	26	7632	0.784217
7	27	7568	0.777641
7	28	7590	0.779901
7	29	7574	0.778257
7	30	7604	0.781340
7	31	7606	0.781545
7	32	7628	0.783806
7	33	7520	0.772709
7	34	7586	0.779490
7	35	7608	0.781751
7	36	7610	0.781956
7	37	7568	0.777641
7	38	7526	0.773325
7	39	7616	0.782573
7	40	7618	0.782778
7	41	7582	0.779079
7	42	7588	0.779696
7	43	7636	0.784628
7	44	7588	0.779696
7	45	7598	0.780723
7	46	7626	0.783600
7	47	7578	0.778668
7	48	7644	0.785450
7	49	7556	0.776408
7	50	7608	0.781751
7	51	7608	0.781751
7	52	7608	0.781751
7	53	7652	0.786272
7	54	7618	0.782778
7	55	7612	0.782162
7	56	7594	0.780312
7	57	7626	0.783600
7	58	7642	0.785245
7	59	7616	0.782573
7	60	7576	0.778463
7	61	7580	0.778874
7	62	7570	0.777846
7	63	7562	0.777024
7	64	7618	0.782778
7	65	7642	0.785245
7	66	7634	0.784423
7	67	7608	0.781751
7	68	7622	0.783189
7	69	7586	0.779490
7	70	7590	0.779901
7	71	7630	0.784012
7	72	7620	0.782984
7	73	7590	0.779901
7	74	7590	0.779901
7	75	7614	0.782367
7	76	7524	0.773120
7	77	7586	0.779490
7	78	7586	0.779490
7	79	7656	0.786683
7	80	7630	0.784012
7	81	7600	0.780929
7	82	7632	0.784217
7	83	7546	0.775380
7	84	7600	0.780929
7	85	7626	0.783600
7	86	7648	0.785861
7	87	7628	0.783806
7	88	7594	0.780312
7	89	7654	0.786478
7	90	7616	0.782573
7	91	7616	0.782573
7	92	7610	0.781956
7	93	7608	0.781751
7	94	7654	0.786478
7	95	7610	0.781956
7	96	7634	0.784423
7	97	7642	0.785245
7	98	7662	0.787300
7	99	7714	0.792643
8	9	7594	0.780312
8	10	7604	0.781340
8	11	7606	0.781545
8	12	7624	0.783395
8	13	7558	0.776613
8	14	7602	0.781134
8	15	7572	0.778052
8	16	7614	0.782367
8	17	7598	0.780723
8	18	7598	0.780723
8	19	7562	0.777024
8	20	7612	0.782162
8	21	7648	0.785861
8	22	7606	0.781545
8	23	7612	0.782162
8	24	7584	0.779285
8	25	7618	0.782778
8	26	7542	0.774969
8	27	7562	0.777024
8	28	7630	0.784012
8	29	7572	0.778052
8	30	7592	0.780107
8	31	7588	0.779696
8	32	7576	0.778463
8	33	7570	0.777846
8	34	7622	0.783189
8	35	7610	0.781956
8	36	7622	0.783189
8	37	7588	0.779696
8	38	7640	0.785039
8	39	7556	0.776408
8	40	7582	0.779079
8	41	7636	0.784628
8	42	7626	0.783600
8	43	7614	0.782367
8	44	7590	0.779901
8	45	7604	0.781340
8	46	7628	0.783806
8	47	7558	0.776613
8	48	7620	0.782984
8	49	7574	0.778257
8	50	7578	0.778668
8	51	7600	0.780929
8	52	7658	0.786889
8	53	7572	0.778052
8	54	7592	0.780107
8	55	7620	0.782984
8	56	7562	0.777024
8	57	7566	0.777435
8	58	7646	0.785656
8	59	7614	0.782367
8	60	7602	0.781134
8	61	7578	0.778668
8	62	7622	0.783189
8	63	7590	0.779901
8	64	7640	0.785039
8	65	7622	0.783189
8	66	7620	0.782984
8	67	7614	0.782367
8	68	7652	0.786272
8	69	7522	0.772914
8	70	7628	0.783806
8	71	7638	0.784834
8	72	7590	0.779901
8	73	7594	0.780312
8	74	7628	0.783806
8	75	7602	0.781134
8	76	7610	0.781956
8	77	7612	0.782162
8	78	7608	0.781751
8	79	7578	0.778668
8	80	7560	0.776819
8	81	7576	0.778463
8	82	7616	0.782573
8	83	7586	0.779490
8	84	7594	0.780312
8	85	7596	0.780518
8	86	7630	0.784012
8	87	7632	0.784217
8	88	7646	0.785656
8	89	7590	0.779901
8	90	7650	0.786067
8	91	7592	0.780107
8	92	7610	0.781956
8	93	7638	0.784834
8	94	7590	0.779901
8	95	7628	0.783806
8	96	7608	0.781751
8	97	7630	0.784012
8	98	7604	0.781340
8	99	7614	0.782367
9	10	7590	0.779901
9	11	7572	0.778052
9	12	7644	0.785450
9	13	7636	0.784628
9	14	7652	0.786272
9	15	7626	0.783600
9	16	7610	0.781956
9	17	7644	0.785450
9	18	7686	0.789766
9	19	7650	0.786067
9	20	7590	0.779901
9	21	7646	0.785656
9	22	7602	0.781134
9	23	7662	0.787300
9	24	7644	0.785450
9	25	7602	0.781134
9	26	7638	0.784834
9	27	7616	0.782573
9	28	7632	0.784217
9	29	7632	0.784217
9	30	7618	0.782778
9	31	7582	0.779079
9	32	7614	0.782367
9	33	7566	0.777435
9	34	7610	0.781956
9	35	7614	0.782367
9	36	7612	0.782162
9	37	7640	0.785039
9	38	7604	0.781340
9	39	7610	0.781956
9	40	7644	0.785450
9	41	7618	0.782778
9	42	7658	0.786889
9	43	7654	0.786478
9	44	7624	0.783395
9	45	7620	0.782984
9	46	7670	0.788122
9	47	7596	0.780518
9	48	7650	0.786067
9	49	7594	0.780312
9	50	7594	0.780312
9	51	7604	0.781340
9	52	7628	0.783806
9	53	7592	0.780107
9	54	7680	0.789149
9	55	7622	0.783189
9	56	7588	0.779696
9	57	7650	0.786067
9	58	7612	0.782162
9	59	7632	0.784217
9	60	7614	0.782367
9	61	7662	0.787300
9	62	7638	0.784834
9	63	7600	0.780929
9	64	7644	0.785450
9	65	7610	0.781956
9	66	7610	0.781956
9	67	7630	0.784012
9	68	7616	0.782573
9	69	7612	0.782162
9	70	7644	0.785450
9	71	7604	0.781340
9	72	7656	0.786683
9	73	7556	0.776408
9	74	7638	0.784834
9	75	7658	0.786889
9	76	7610	0.781956
9	77	7648	0.785861
9	78	7618	0.782778
9	79	7604	0.781340
9	80	7662	0.787300
9	81	7646	0.785656
9	82	7680	0.789149
9	83	7622	0.783189
9	84	7640	0.785039
9	85	7640	0.785039
9	86	7624	0.783395
9	87	7602	0.781134
9	88	7662	0.787300
9	89	7598	0.780723
9	90	7660	0.787094
9	91	7586	0.779490
9	92	7628	0.783806
9	93	7618	0.782778
9	94	7578	0.778668
9	95	7632	0.784217
9	96	7648	0.785861
9	97	7672	0.788327
9	98	7680	0.789149
9	99	7686	0.789766
10	11	7556	0.776408
10	12	7656	0.786683
10	13	7636	0.784628
10	14	7614	0.782367
10	15	7606	0.781545
10	16	7648	0.785861
10	17	7656	0.786683
10	18	7610	0.781956
10	19	7646	0.785656
10	20	7598	0.780723
10	21	7634	0.784423
10	22	7590	0.779901
10	23	7582	0.779079
10	24	7576	0.778463
10	25	7584	0.779285
10	26	7612	0.782162
10	27	7568	0.777641
10	28	7552	0.775997
10	29	7584	0.779285
10	30	7564	0.777230
10	31	7626	0.783600
10	32	7592	0.780107
10	33	7570	0.777846
10	34	7598	0.780723
10	35	7622	0.783189
10	36	7640	0.785039
10	37	7624	0.783395
10	38	7642	0.785245
10	39	7584	0.779285
10	40	7624	0.783395
10	41	7582	0.779079
10	42	7626	0.783600
10	43	7646	0.785656
10	44	7628	0.783806
10	45	7566	0.777435
10	46	7598	0.780723
10	47	7548	0.775586
10	48	7626	0.783600
10	49	7574	0.778257
10	50	7638	0.784834
10	51	7646	0.785656
10	52	7626	0.783600
10	53	7596	0.780518
10	54	7658	0.786889
10	55	7600	0.780929
10	56	7574	0.778257
10	57	7578	0.778668
10	58	7622	0.783189
10	59	7588	0.779696
10	60	7598	0.780723
10	61	7564	0.777230
10	62	7594	0.780312
10	63	7598	0.780723
10	64	7622	0.783189
10	65	7616	0.782573
10	66	7662	0.787300
10	67	7680	0.789149
10	68	7646	0.785656
10	69	7610	0.781956
10	70	7544	0.775175
10	71	7598	0.780723
10	72	7604	0.781340
10	73	7532	0.773942
10	74	7604	0.781340
10	75	7626	0.783600
10	76	7568	0.777641
10	77	7562	0.777024
10	78	7680	0.789149
10	79	7582	0.779079
10	80	7670	0.788122
10	81	7602	0.781134
10	82	7668	0.787916
10	83	7610	0.781956
10	84	7612	0.782162
10	85	7670	0.788122
10	86	7588	0.779696
10	87	7588	0.779696
10	88	7694	0.790588
10	89	7648	0.785861
10	90	7668	0.787916
10	91	7608	0.781751
10	92	7646	0.785656
10	93	7602	0.781134
10	94	7614	0.782367
10	95	7626	0.783600
10	96	7634	0.784423
10	97	7626	0.783600
10	98	7606	0.781545
10	99	7602	0.781134
11	12	7612	0.782162
11	13	7684	0.789560
11	14	7624	0.783395
11	15	7556	0.776408
11	16	7614	0.782367
11	17	7616	0.782573
11	18	7608	0.781751
11	19	7606	0.781545
11	20	7566	0.777435
11	21	7590	0.779901
11	22	7580	0.778874
11	23	7630	0.784012
11	24	7604	0.781340
11	25	7654	0.786478
11	26	7568	0.777641
11	27	7574	0.778257
11	28	7664	0.787505
11	29	7578	0.778668
11	30	7574	0.778257
11	31	7548	0.775586
11	32	7616	0.782573
11	33	7560	0.776819
11	34	7600	0.780929
11	35	7586	0.779490
11	36	7602	0.781134
11	37	7624	0.783395
11	38	7604	0.781340
11	39	7604	0.781340
11	40	7664	0.787505
11	41	7608	0.781751
11	42	7670	0.788122
11	43	7616	0.782573
11	44	7610	0.781956
11	45	7622	0.783189
11	46	7594	0.780312
11	47	7646	0.785656
11	48	7558	0.776613
11	49	7614	0.782367
11	50	7578	0.778668
11	51	7632	0.784217
11	52	7658	0.786889
11	53	7576	0.778463
11	54	7634	0.784423
11	55	7622	0.783189
11	56	7602	0.781134
11	57	7614	0.782367
11	58	7612	0.782162
11	59	7622	0.783189
11	60	7638	0.784834
11	61	7570	0.777846
11	62	7598	0.780723
11	63	7566	0.777435
11	64	7592	0.780107
11	65	7594	0.780312
11	66	7624	0.783395
11	67	7594	0.780312
11	68	7598	0.780723
11	69	7630	0.784012
11	70	7632	0.784217
11	71	7584	0.779285
11	72	7562	0.777024
11	73	7570	0.777846
11	74	7640	0.785039
11	75	7618	0.782778
11	76	7580	0.778874
11	77	7620	0.782984
11	78	7648	0.785861
11	79	7674	0.788533
11	80	7698	0.790999
11	81	7618	0.782778
11	82	7640	0.785039
11	83	7576	0.778463
11	84	7600	0.780929
11	85	7638	0.784834
11	86	7630	0.784012
11	87	7612	0.782162
11	88	7676	0.788738
11	89	7588	0.779696
11	90	7624	0.783395
11	91	7666	0.787711
11	92	7652	0.786272
11	93	7634	0.784423
11	94	7612	0.782162
11	95	7628	0.783806
11	96	7664	0.787505
11	97	7628	0.783806
11	98	7658	0.786889
11	99	7630	0.784012
12	13	7608	0.781751
12	14	7648	0.785861
12	15	7638	0.784834
12	16	7546	0.775380
12	17	7664	0.787505
12	18	7594	0.780312
12	19	7610	0.781956
12	20	7596	0.780518
12	21	7652	0.786272
12	22	7622	0.783189
12	23	7668	0.787916
12	24	7650	0.786067
12	25	7636	0.784628
12	26	7560	0.776819
12	27	7610	0.781956
12	28	7614	0.782367
12	29	7618	0.782778
12	30	7650	0.786067
12	31	7644	0.785450
12	32	7560	0.776819
12	33	7658	0.786889
12	34	7602	0.781134
12	35	7620	0.782984
12	36	7630	0.784012
12	37	7546	0.775380
12	38	7584	0.779285
12	39	7616	0.782573
12	40	7638	0.784834
12	41	7658	0.786889
12	42	7606	0.781545
12	43	7596	0.780518
12	44	7594	0.780312
12	45	7648	0.785861
12	46	7608	0.781751
12	47	7626	0.783600
12	48	7542	0.774969
12	49	7684	0.789560
12	50	7664	0.787505
12	51	7596	0.780518
12	52	7646	0.785656
12	53	7624	0.783395
12	54	7610	0.781956
12	55	7622	0.783189
12	56	7658	0.786889
12	57	7598	0.780723
12	58	7578	0.778668
12	59	7624	0.783395
12	60	7666	0.787711
12	61	7594	0.780312
12	62	7558	0.776613
12	63	7626	0.783600
12	64	7584	0.779285
12	65	7596	0.780518
12	66	7624	0.783395
12	67	7596	0.780518
12	68	7610	0.781956
12	69	7632	0.784217
12	70	7614	0.782367
12	71	7674	0.788533
12	72	7572	0.778052
12	73	7666	0.787711
12	74	7628	0.783806
12	75	7648	0.785861
12	76	7606	0.781545
12	77	7598	0.780723
12	78	7620	0.782984
12	79	7662	0.787300
12	80	7628	0.783806
12	81	7648	0.785861
12	82	7670	0.788122
12	83	7560	0.776819
12	84	7598	0.780723
12	85	7644	0.785450
12	86	7608	0.781751
12	87	7608	0.781751
12	88	7592	0.780107
12	89	7610	0.781956
12	90	7678	0.788944
12	91	7646	0.785656
12	92	7630	0.784012
12	93	7672	0.788327
12	94	7604	0.781340
12	95	7630	0.784012
12	96	7638	0.784834
12	97	7628	0.783806
12	98	7670	0.788122
12	99	7672	0.788327
13	14	7646	0.785656
13	15	7602	0.781134
13	16	7642	0.785245
13	17	7638	0.784834
13	18	7618	0.782778
13	19	7602	0.781134
13	20	7578	0.778668
13	21	7570	0.777846
13	22	7642	0.785245
13	23	7610	0.781956
13	24	7644	0.785450
13	25	7560	0.776819
13	26	7640	0.785039
13	27	7588	0.779696
13	28	7590	0.779901
13	29	7586	0.779490
13	30	7638	0.784834
13	31	7660	0.787094
13	32	7624	0.783395
13	33	7630	0.784012
13	34	7600	0.780929
13	35	7638	0.784834
13	36	7616	0.782573
13	37	7642	0.785245
13	38	7634	0.784423
13	39	7604	0.781340
13	40	7600	0.780929
13	41	7554	0.776202
13	42	7624	0.783395
13	43	7616	0.782573
13	44	7632	0.784217
13	45	7682	0.789355
13	46	7638	0.784834
13	47	7598	0.780723
13	48	7660	0.787094
13	49	7614	0.782367
13	50	7616	0.782573
13	51	7622	0.783189
13	52	7676	0.788738
13	53	7590	0.779901
13	54	7680	0.789149
13	55	7662	0.787300
13	56	7556	0.776408
13	57	7616	0.782573
13	58	7608	0.781751
13	59	7650	0.786067
13	60	7658	0.786889
13	61	7520	0.772709
13	62	7570	0.777846
13	63	7644	0.785450
13	64	7602	0.781134
13	65	7618	0.782778
13	66	7652	0.786272
13	67	7584	0.779285
13	68	7648	0.785861
13	69	7612	0.782162
13	70	7614	0.782367
13	71	7620	0.782984
13	72	7628	0.783806
13	73	7600	0.780929
13	74	7628	0.783806
13	75	7630	0.784012
13	76	7682	0.789355
13	77	7598	0.780723
13	78	7602	0.781134
13	79	7650	0.786067
13	80	7666	0.787711
13	81	7624	0.783395
13	82	7632	0.784217
13	83	7578	0.778668
13	84	7624	0.783395
13	85	7654	0.786478
13	86	7624	0.783395
13	87	7632	0.784217
13	88	7680	0.789149
13	89	7598	0.780723
13	90	7634	0.784423
13	91	7658	0.786889
13	92	7638	0.784834
13	93	7644	0.785450
13	94	7606	0.781545
13	95	7656	0.786683
13	96	7640	0.785039
13	97	7638	0.784834
13	98	7652	0.786272
13	99	7660	0.787094
14	15	7636	0.784628
14	16	7642	0.785245
14	17	7650	0.786067
14	18	7682	0.789355
14	19	7658	0.786889
14	20	7602	0.781134
14	21	7618	0.782778
14	22	7604	0.781340
14	23	7638	0.784834
14	24	7640	0.785039
14	25	7644	0.785450
14	26	7602	0.781134
14	27	7600	0.780929
14	28	7654	0.786478
14	29	7692	0.790382
14	30	7632	0.784217
14	31	7648	0.785861
14	32	7644	0.785450
14	33	7660	0.787094
14	34	7610	0.781956
14	35	7604	0.781340
14	36	7616	0.782573
14	37	7644	0.785450
14	38	7662	0.787300
14	39	7630	0.784012
14	40	7640	0.785039
14	41	7626	0.783600
14	42	7602	0.781134
14	43	7626	0.783600
14	44	7630	0.784012
14	45	7608	0.781751
14	46	7660	0.787094
14	47	7592	0.780107
14	48	7650	0.786067
14	49	7592	0.780107
14	50	7638	0.784834
14	51	7640	0.785039
14	52	7628	0.783806
14	53	7596	0.780518
14	54	7630	0.784012
14	55	7640	0.785039
14	56	7602	0.781134
14	57	7642	0.785245
14	58	7638	0.784834
14	59	7626	0.783600
14	60	7610	0.781956
14	61	7648	0.785861
14	62	7648	0.785861
14	63	7638	0.784834
14	64	7674	0.788533
14	65	7576	0.778463
14	66	7636	0.784628
14	67	7638	0.784834
14	68	7644	0.785450
14	69	7678	0.788944
14	70	7626	0.783600
14	71	7604	0.781340
14	72	7600	0.780929
14	73	7652	0.786272
14	74	7602	0.781134
14	75	7644	0.785450
14	76	7672	0.788327
14	77	7632	0.784217
14	78	7624	0.783395
14	79	7668	0.787916
14	80	7648	0.785861
14	81	7718	0.793054
14	82	7620	0.782984
14	83	7600	0.780929
14	84	7656	0.786683
14	85	7642	0.785245
14	86	7622	0.783189
14	87	7626	0.783600
14	88	7652	0.786272
14	89	7606	0.781545
14	90	7612	0.782162
14	91	7684	0.789560
14	92	7642	0.785245
14	93	7668	0.787916
14	94	7672	0.788327
14	95	7662	0.787300
14	96	7648	0.785861
14	97	7600	0.780929
14	98	7650	0.786067
14	99	7612	0.782162
15	16	7588	0.779696
15	17	7654	0.786478
15	18	7644	0.785450
15	19	7594	0.780312
15	20	7600	0.780929
15	21	7612	0.782162
15	22	7574	0.778257
15	23	7608	0.781751
15	24	7576	0.778463
15	25	7580	0.778874
15	26	7548	0.775586
15	27	7598	0.780723
15	28	7620	0.782984
15	29	7632	0.784217
15	30	7612	0.782162
15	31	7652	0.786272
15	32	7628	0.783806
15	33	7622	0.783189
15	34	7646	0.785656
15	35	7584	0.779285
15	36	7582	0.779079
15	37	7628	0.783806
15	38	7576	0.778463
15	39	7624	0.783395
15	40	7610	0.781956
15	41	7614	0.782367
15	42	7608	0.781751
15	43	7634	0.784423
15	44	7590	0.779901
15	45	7626	0.783600
15	46	7580	0.778874
15	47	7590	0.779901
15	48	7644	0.785450
15	49	7612	0.782162
15	50	7616	0.782573
15	51	7664	0.787505
15	52	7622	0.783189
15	53	7650	0.786067
15	54	7606	0.781545
15	55	7614	0.782367
15	56	7622	0.783189
15	57	7658	0.786889
15	58	7616	0.782573
15	59	7624	0.783395
15	60	7596	0.780518
15	61	7604	0.781340
15	62	7602	0.781134
15	63	7608	0.781751
15	64	7590	0.779901
15	65	7644	0.785450
15	66	7652	0.786272
15	67	7516	0.772298
15	68	7646	0.785656
15	69	7558	0.776613
15	70	7640	0.785039
15	71	7620	0.782984
15	72	7586	0.779490
15	73	7596	0.780518
15	74	7648	0.785861
15	75	7632	0.784217
15	76	7636	0.784628
15	77	7630	0.784012
15	78	7622	0.783189
15	79	7604	0.781340
15	80	7672	0.788327
15	81	7656	0.786683
15	82	7660	0.787094
15	83	7572	0.778052
15	84	7572	0.778052
15	85	7610	0.781956
15	86	7652	0.786272
15	87	7622	0.783189
15	88	7592	0.780107
15	89	7638	0.784834
15	90	7612	0.782162
15	91	7592	0.780107
15	92	7618	0.782778
15	93	7644	0.785450
15	94	7572	0.778052
15	95	7652	0.786272
15	96	7624	0.783395
15	97	7652	0.786272
15	98	7644	0.785450
15	99	7648	0.785861
16	17	7628	0.783806
16	18	7644	0.785450
16	19	7646	0.785656
16	20	7628	0.783806
16	21	7660	0.787094
16	22	7606	0.781545
16	23	7672	0.788327
16	24	7594	0.780312
16	25	7608	0.781751
16	26	7618	0.782778
16	27	7592	0.780107
16	28	7648	0.785861
16	29	7604	0.781340
16	30	7598	0.780723
16	31	7664	0.787505
16	32	7632	0.784217
16	33	7648	0.785861
16	34	7618	0.782778
16	35	7634	0.784423
16	36	7576	0.778463
16	37	7598	0.780723
16	38	7598	0.780723
16	39	7652	0.786272
16	40	7676	0.788738
16	41	7636	0.784628
16	42	7654	0.786478
16	43	7620	0.782984
16	44	7598	0.780723
16	45	7596	0.780518
16	46	7628	0.783806
16	47	7588	0.779696
16	48	7612	0.782162
16	49	7642	0.785245
16	50	7644	0.785450
16	51	7622	0.783189
16	52	7660	0.787094
16	53	7652	0.786272
16	54	7596	0.780518
16	55	7652	0.786272
16	56	7638	0.784834
16	57	7664	0.787505
16	58	7642	0.785245
16	59	7652	0.786272
16	60	7584	0.779285
16	61	7672	0.788327
16	62	7648	0.785861
16	63	7602	0.781134
16	64	7616	0.782573
16	65	7624	0.783395
16	66	7608	0.781751
16	67	7538	0.774558
16	68	7668	0.787916
16	69	7646	0.785656
16	70	7598	0.780723
16	71	7682	0.789355
16	72	7594	0.780312
16	73	7612	0.782162
16	74	7652	0.786272
16	75	7652	0.786272
16	76	7630	0.784012
16	77	7614	0.782367
16	78	7612	0.782162
16	79	7610	0.781956
16	80	7592	0.780107
16	81	7646	0.785656
16	82	7622	0.783189
16	83	7580	0.778874
16	84	7616	0.782573
16	85	7654	0.786478
16	86	7644	0.785450
16	87	7628	0.783806
16	88	7620	0.782984
16	89	7644	0.785450
16	90	7660	0.787094
16	91	7640	0.785039
16	92	7630	0.784012
16	93	7640	0.785039
16	94	7594	0.780312
16	95	7646	0.785656
16	96	7620	0.782984
16	97	7658	0.786889
16	98	7680	0.789149
16	99	7662	0.787300
17	18	7624	0.783395
17	19	7638	0.784834
17	20	7624	0.783395
17	21	7608	0.781751
17	22	7642	0.785245
17	23	7640	0.785039
17	24	7594	0.780312
17	25	7550	0.775791
17	26	7600	0.780929
17	27	7586	0.779490
17	28	7618	0.782778
17	29	7588	0.779696
17	30	7632	0.784217
17	31	7606	0.781545
17	32	7600	0.780929
17	33	7608	0.781751
17	34	7612	0.782162
17	35	7618	0.782778
17	36	7644	0.785450
17	37	7642	0.785245
17	38	7596	0.780518
17	39	7560	0.776819
17	40	7610	0.781956
17	41	7608	0.781751
17	42	7638	0.784834
17	43	7644	0.785450
17	44	7634	0.784423
17	45	7614	0.782367
17	46	7642	0.785245
17	47	7644	0.785450
17	48	7600	0.780929
17	49	7556	0.776408
17	50	7630	0.784012
17	51	7590	0.779901
17	52	7648	0.785861
17	53	7670	0.788122
17	54	7650	0.786067
17	55	7628	0.783806
17	56	7580	0.778874
17	57	7618	0.782778
17	58	7622	0.783189
17	59	7654	0.786478
17	60	7634	0.784423
17	61	7622	0.783189
17	62	7642	0.785245
17	63	7612	0.782162
17	64	7626	0.783600
17	65	7658	0.786889
17	66	7658	0.786889
17	67	7666	0.787711
17	68	7600	0.780929
17	69	7634	0.784423
17	70	7594	0.780312
17	71	7624	0.783395
17	72	7638	0.784834
17	73	7628	0.783806
17	74	7610	0.781956
17	75	7636	0.784628
17	76	7596	0.780518
17	77	7680	0.789149
17	78	7618	0.782778
17	79	7662	0.787300
17	80	7622	0.783189
17	81	7612	0.782162
17	82	7612	0.782162
17	83	7646	0.785656
17	84	7650	0.786067
17	85	7616	0.782573
17	86	7580	0.778874
17	87	7600	0.780929
17	88	7634	0.784423
17	89	7610	0.781956
17	90	7654	0.786478
17	91	7628	0.783806
17	92	7604	0.781340
17	93	7632	0.784217
17	94	7636	0.784628
17	95	7656	0.786683
17	96	7688	0.789971
17	97	7648	0.785861
17	98	7618	0.782778
17	99	7608	0.781751
18	19	7602	0.781134
18	20	7630	0.784012
18	21	7554	0.776202
18	22	7604	0.781340
18	23	7620	0.782984
18	24	7616	0.782573
18	25	7592	0.780107
18	26	7554	0.776202
18	27	7604	0.781340
18	28	7570	0.777846
18	29	7640	0.785039
18	30	7586	0.779490
18	31	7612	0.782162
18	32	7542	0.774969
18	33	7602	0.781134
18	34	7594	0.780312
18	35	7624	0.783395
18	36	7618	0.782778
18	37	7528	0.773531
18	38	7602	0.781134
18	39	7630	0.784012
18	40	7606	0.781545
18	41	7624	0.783395
18	42	7626	0.783600
18	43	7660	0.787094
18	44	7636	0.784628
18	45	7606	0.781545
18	46	7594	0.780312
18	47	7652	0.786272
18	48	7628	0.783806
18	49	7608	0.781751
18	50	7586	0.779490
18	51	7624	0.783395
18	52	7670	0.788122
18	53	7652	0.786272
18	54	7646	0.785656
18	55	7620	0.782984
18	56	7652	0.786272
18	57	7616	0.782573
18	58	7638	0.784834
18	59	7626	0.783600
18	60	7650	0.786067
18	61	7658	0.786889
18	62	7602	0.781134
18	63	7622	0.783189
18	64	7614	0.782367
18	65	7640	0.785039
18	66	7606	0.781545
18	67	7658	0.786889
18	68	7602	0.781134
18	69	7618	0.782778
18	70	7632	0.784217
18	71	7600	0.780929
18	72	7616	0.782573
18	73	7624	0.783395
18	74	7656	0.786683
18	75	7646	0.785656
18	76	7552	0.775997
18	77	7628	0.783806
18	78	7624	0.783395
18	79	7670	0.788122
18	80	7632	0.784217
18	81	7616	0.782573
18	82	7596	0.780518
18	83	7594	0.780312
18	84	7622	0.783189
18	85	7622	0.783189
18	86	7654	0.786478
18	87	7626	0.783600
18	88	7586	0.779490
18	89	7676	0.788738
18	90	7668	0.787916
18	91	7604	0.781340
18	92	7700	0.791204
18	93	7600	0.780929
18	94	7570	0.777846
18	95	7612	0.782162
18	96	7596	0.780518
18	97	7662	0.787300
18	98	7638	0.784834
18	99	7578	0.778668
19	20	7552	0.775997
19	21	7628	0.783806
19	22	7626	0.783600
19	23	7666	0.787711
19	24	7626	0.783600
19	25	7602	0.781134
19	26	7608	0.781751
19	27	7586	0.779490
19	28	7612	0.782162
19	29	7584	0.779285
19	30	7654	0.786478
19	31	7614	0.782367
19	32	7580	0.778874
19	33	7608	0.781751
19	34	7596	0.780518
19	35	7674	0.788533
19	36	7638	0.784834
19	37	7624	0.783395
19	38	7604	0.781340
19	39	7626	0.783600
19	40	7624	0.783395
19	41	7634	0.784423
19	42	7584	0.779285
19	43	7666	0.787711
19	44	7612	0.782162
19	45	7656	0.786683
19	46	7624	0.783395
19	47	7628	0.783806
19	48	7634	0.784423
19	49	7638	0.784834
19	50	7630	0.784012
19	51	7622	0.783189
19	52	7620	0.782984
19	53	7638	0.784834
19	54	7658	0.786889
19	55	7646	0.785656
19	56	7646	0.785656
19	57	7618	0.782778
19	58	7614	0.782367
19	59	7624	0.783395
19	60	7630	0.784012
19	61	7614	0.782367
19	62	7630	0.784012
19	63	7602	0.781134
19	64	7602	0.781134
19	65	7644	0.785450
19	66	7632	0.784217
19	67	7618	0.782778
19	68	7628	0.783806
19	69	7590	0.779901
19	70	7622	0.783189
19	71	7658	0.786889
19	72	7628	0.783806
19	73	7664	0.787505
19	74	7702	0.791410
19	75	7656	0.786683
19	76	7624	0.783395
19	77	7596	0.780518
19	78	7608	0.781751
19	79	7658	0.786889
19	80	7670	0.788122
19	81	7656	0.786683
19	82	7632	0.784217
19	83	7642	0.785245
19	84	7670	0.788122
19	85	7676	0.788738
19	86	7604	0.781340
19	87	7660	0.787094
19	88	7662	0.787300
19	89	7628	0.783806
19	90	7594	0.780312
19	91	7650	0.786067
19	92	7628	0.783806
19	93	7636	0.784628
19	94	7602	0.781134
19	95	7612	0.782162
19	96	7696	0.790793
19	97	7646	0.785656
19	98	7648	0.785861
19	99	7662	0.787300
20	21	7560	0.776819
20	22	7578	0.778668
20	23	7608	0.781751
20	24	7624	0.783395
20	25	7608	0.781751
20	26	7596	0.780518
20	27	7624	0.783395
20	28	7578	0.778668
20	29	7588	0.779696
20	30	7610	0.781956
20	31	7584	0.779285
20	32	7606	0.781545
20	33	7598	0.780723
20	34	7636	0.784628
20	35	7580	0.778874
20	36	7644	0.785450
20	37	7608	0.781751
20	38	7624	0.783395
20	39	7548	0.775586
20	40	7590	0.779901
20	41	7604	0.781340
20	42	7588	0.779696
20	43	7632	0.784217
20	44	7640	0.785039
20	45	7676	0.788738
20	46	7584	0.779285
20	47	7614	0.782367
20	48	7586	0.779490
20	49	7548	0.775586
20	50	7596	0.780518
20	51	7646	0.785656
20	52	7644	0.785450
20	53	7550	0.775791
20	54	7666	0.787711
20	55	7622	0.783189
20	56	7612	0.782162
20	57	7626	0.783600
20	58	7614	0.782367
20	59	7638	0.784834
20	60	7602	0.781134
20	61	7568	0.777641
20	62	7636	0.784628
20	63	7558	0.776613
20	64	7658	0.786889
20	65	7574	0.778257
20	66	7610	0.781956
20	67	7634	0.784423
20	68	7588	0.779696
20	69	7586	0.779490
20	70	7594	0.780312
20	71	7570	0.777846
20	72	7590	0.779901
20	73	7638	0.784834
20	74	7658	0.786889
20	75	7604	0.781340
20	76	7560	0.776819
20	77	7558	0.776613
20	78	7630	0.784012
20	79	7588	0.779696
20	80	7670	0.788122
20	81	7606	0.781545
20	82	7666	0.787711
20	83	7614	0.782367
20	84	7590	0.779901
20	85	7666	0.787711
20	86	7644	0.785450
20	87	7606	0.781545
20	88	7646	0.785656
20	89	7682	0.789355
20	90	7602	0.781134
20	91	7610	0.781956
20	92	7634	0.784423
20	93	7636	0.784628
20	94	7570	0.777846
20	95	7634	0.784423
20	96	7650	0.786067
20	97	7602	0.781134
20	98	7650	0.786067
20	99	7592	0.780107
21	22	7636	0.784628
21	23	7612	0.782162
21	24	7618	0.782778
21	25	7602	0.781134
21	26	7642	0.785245
21	27	7628	0.783806
21	28	7594	0.780312
21	29	7660	0.787094
21	30	7600	0.780929
21	31	7592	0.780107
21	32	7594	0.780312
21	33	7610	0.781956
21	34	7622	0.783189
21	35	7592	0.780107
21	36	7620	0.782984
21	37	7636	0.784628
21	38	7628	0.783806
21	39	7572	0.778052
21	40	7590	0.779901
21	41	7616	0.782573
21	42	7588	0.779696
21	43	7602	0.781134
21	44	7628	0.783806
21	45	7624	0.783395
21	46	7612	0.782162
21	47	7598	0.780723
21	48	7662	0.787300
21	49	7602	0.781134
21	50	7586	0.779490
21	51	7632	0.784217
21	52	7652	0.786272
21	53	7584	0.779285
21	54	7660	0.787094
21	55	7638	0.784834
21	56	7608	0.781751
21	57	7614	0.782367
21	58	7672	0.788327
21	59	7652	0.786272
21	60	7604	0.781340
21	61	7642	0.785245
21	62	7624	0.783395
21	63	7642	0.785245
21	64	7594	0.780312
21	65	7618	0.782778
21	66	7642	0.785245
21	67	7588	0.779696
21	68	7622	0.783189
21	69	7620	0.782984
21	70	7568	0.777641
21	71	7624	0.783395
21	72	7648	0.785861
21	73	7584	0.779285
21	74	7654	0.786478
21	75	7562	0.777024
21	76	7638	0.784834
21	77	7630	0.784012
21	78	7670	0.788122
21	79	7618	0.782778
21	80	7688	0.789971
21	81	7578	0.778668
21	82	7602	0.781134
21	83	7580	0.778874
21	84	7602	0.781134
21	85	7640	0.785039
21	86	7634	0.784423
21	87	7640	0.785039
21	88	7638	0.784834
21	89	7658	0.786889
21	90	7644	0.785450
21	91	7628	0.783806
21	92	7632	0.784217
21	93	7610	0.781956
21	94	7622	0.783189
21	95	7622	0.783189
21	96	7678	0.788944
21	97	7664	0.787505
21	98	7628	0.783806
21	99	7626	0.783600
22	23	7618	0.782778
22	24	7612	0.782162
22	25	7648	0.785861
22	26	7588	0.779696
22	27	7656	0.786683
22	28	7596	0.780518
22	29	7582	0.779079
22	30	7602	0.781134
22	31	7630	0.784012
22	32	7576	0.778463
22	33	7596	0.780518
22	34	7640	0.785039
22	35	7612	0.782162
22	36	7554	0.776202
22	37	7708	0.792026
22	38	7572	0.778052
22	39	7594	0.780312
22	40	7636	0.784628
22	41	7620	0.782984
22	42	7592	0.780107
22	43	7618	0.782778
22	44	7630	0.784012
22	45	7594	0.780312
22	46	7594	0.780312
22	47	7614	0.782367
22	48	7624	0.783395
22	49	7596	0.780518
22	50	7614	0.782367
22	51	7636	0.784628
22	52	7600	0.780929
22	53	7606	0.781545
22	54	7610	0.781956
22	55	7610	0.781956
22	56	7610	0.781956
22	57	7642	0.785245
22	58	7642	0.785245
22	59	7620	0.782984
22	60	7602	0.781134
22	61	7580	0.778874
22	62	7658	0.786889
22	63	7602	0.781134
22	64	7614	0.782367
22	65	7600	0.780929
22	66	7570	0.777846
22	67	7626	0.783600
22	68	7598	0.780723
22	69	7612	0.782162
22	70	7610	0.781956
22	71	7638	0.784834
22	72	7588	0.779696
22	73	7594	0.780312
22	74	7624	0.783395
22	75	7658	0.786889
22	76	7644	0.785450
22	77	7634	0.784423
22	78	7630	0.784012
22	79	7600	0.780929
22	80	7650	0.786067
22	81	7632	0.784217
22	82	7618	0.782778
22	83	7626	0.783600
22	84	7568	0.777641
22	85	7612	0.782162
22	86	7606	0.781545
22	87	7620	0.782984
22	88	7580	0.778874
22	89	7606	0.781545
22	90	7644	0.785450
22	91	7620	0.782984
22	92	7646	0.785656
22	93	7584	0.779285
22	94	7526	0.773325
22	95	7632	0.784217
22	96	7648	0.785861
22	97	7644	0.785450
22	98	7630	0.784012
22	99	7636	0.784628
23	24	7602	0.781134
23	25	7634	0.784423
23	26	7614	0.782367
23	27	7608	0.781751
23	28	7610	0.781956
23	29	7650	0.786067
23	30	7606	0.781545
23	31	7588	0.779696
23	32	7626	0.783600
23	33	7640	0.785039
23	34	7652	0.786272
23	35	7616	0.782573
23	36	7614	0.782367
23	37	7622	0.783189
23	38	7580	0.778874
23	39	7598	0.780723
23	40	7654	0.786478
23	41	7608	0.781751
23	42	7626	0.783600
23	43	7618	0.782778
23	44	7634	0.784423
23	45	7642	0.785245
23	46	7620	0.782984
23	47	7606	0.781545
23	48	7656	0.786683
23	49	7672	0.788327
23	50	7590	0.779901
23	51	7606	0.781545
23	52	7588	0.779696
23	53	7636	0.784628
23	54	7648	0.785861
23	55	7592	0.780107
23	56	7600	0.780929
23	57	7578	0.778668
23	58	7658	0.786889
23	59	7648	0.785861
23	60	7622	0.783189
23	61	7596	0.780518
23	62	7686	0.789766
23	63	7604	0.781340
23	64	7636	0.784628
23	65	7606	0.781545
23	66	7632	0.784217
23	67	7658	0.786889
23	68	7654	0.786478
23	69	7638	0.784834
23	70	7622	0.783189
23	71	7644	0.785450
23	72	7626	0.783600
23	73	7614	0.782367
23	74	7636	0.784628
23	75	7618	0.782778
23	76	7616	0.782573
23	77	7612	0.782162
23	78	7684	0.789560
23	79	7624	0.783395
23	80	7662	0.787300
23	81	7634	0.784423
23	82	7670	0.788122
23	83	7632	0.784217
23	84	7634	0.784423
23	85	7608	0.781751
23	86	7674	0.788533
23	87	7644	0.785450
23	88	7674	0.788533
23	89	7644	0.785450
23	90	7664	0.787505
23	91	7592	0.780107
23	92	7612	0.782162
23	93	7654	0.786478
23	94	7626	0.783600
23	95	7658	0.786889
23	96	7628	0.783806
23	97	7676	0.788738
23	98	7618	0.782778
23	99	7680	0.789149
24	25	7592	0.780107
24	26	7608	0.781751
24	27	7636	0.784628
24	28	7594	0.780312
24	29	7594	0.780312
24	30	7598	0.780723
24	31	7626	0.783600
24	32	7612	0.782162
24	33	7610	0.781956
24	34	7622	0.783189
24	35	7652	0.786272
24	36	7610	0.781956
24	37	7582	0.779079
24	38	7580	0.778874
24	39	7604	0.781340
24	40	7602	0.781134
24	41	7590	0.779901
24	42	7646	0.785656
24	43	7630	0.784012
24	44	7580	0.778874
24	45	7634	0.784423
24	46	7618	0.782778
24	47	7564	0.777230
24	48	7584	0.779285
24	49	7656	0.786683
24	50	7692	0.790382
24	51	7646	0.785656
24	52	7566	0.777435
24	53	7636	0.784628
24	54	7638	0.784834
24	55	7648	0.785861
24	56	7592	0.780107
24	57	7656	0.786683
24	58	7688	0.789971
24	59	7594	0.780312
24	60	7614	0.782367
24	61	7660	0.787094
24	62	7630	0.784012
24	63	7602	0.781134
24	64	7610	0.781956
24	65	7584	0.779285
24	66	7606	0.781545
24	67	7574	0.778257
24	68	7608	0.781751
24	69	7620	0.782984
24	70	7584	0.779285
24	71	7598	0.780723
24	72	7580	0.778874
24	73	7554	0.776202
24	74	7616	0.782573
24	75	7558	0.776613
24	76	7594	0.780312
24	77	7594	0.780312
24	78	7586	0.779490
24	79	7636	0.784628
24	80	7652	0.786272
24	81	7634	0.784423
24	82	7592	0.780107
24	83	7640	0.785039
24	84	7638	0.784834
24	85	7636	0.784628
24	86	7618	0.782778
24	87	7628	0.783806
24	88	7582	0.779079
24	89	7654	0.786478
24	90	7600	0.780929
24	91	7664	0.787505
24	92	7660	0.787094
24	93	7604	0.781340
24	94	7580	0.778874
24	95	7608	0.781751
24	96	7596	0.780518
24	97	7628	0.783806
24	98	7658	0.786889
24	99	7646	0.785656
25	26	7652	0.786272
25	27	7612	0.782162
25	28	7592	0.780107
25	29	7542	0.774969
25	30	7582	0.779079
25	31	7604	0.781340
25	32	7570	0.777846
25	33	7606	0.781545
25	34	7594	0.780312
25	35	7562	0.777024
25	36	7592	0.780107
25	37	7622	0.783189
25	38	7608	0.781751
25	39	7606	0.781545
25	40	7618	0.782778
25	41	7614	0.782367
25	42	7610	0.781956
25	43	7584	0.779285
25	44	7628	0.783806
25	45	7612	0.782162
25	46	7632	0.784217
25	47	7580	0.778874
25	48	7600	0.780929
25	49	7582	0.779079
25	50	7664	0.787505
25	51	7656	0.786683
25	52	7628	0.783806
25	53	7588	0.779696
25	54	7642	0.785245
25	55	7636	0.784628
25	56	7666	0.787711
25	57	7608	0.781751
25	58	7656	0.786683
25	59	7662	0.787300
25	60	7612	0.782162
25	61	7562	0.777024
25	62	7628	0.783806
25	63	7594	0.780312
25	64	7626	0.783600
25	65	7648	0.785861
25	66	7632	0.784217
25	67	7596	0.780518
25	68	7642	0.785245
25	69	7608	0.781751
25	70	7592	0.780107
25	71	7618	0.782778
25	72	7632	0.784217
25	73	7568	0.777641
25	74	7620	0.782984
25	75	7604	0.781340
25	76	7592	0.780107
25	77	7648	0.785861
25	78	7634	0.784423
25	79	7648	0.785861
25	80	7610	0.781956
25	81	7618	0.782778
25	82	7604	0.781340
25	83	7636	0.784628
25	84	7580	0.778874
25	85	7636	0.784628
25	86	7640	0.785039
25	87	7642	0.785245
25	88	7626	0.783600
25	89	7666	0.787711
25	90	7648	0.785861
25	91	7628	0.783806
25	92	7632	0.784217
25	93	7596	0.780518
25	94	7606	0.781545
25	95	7650	0.786067
25	96	7658	0.786889
25	97	7614	0.782367
25	98	7642	0.785245
25	99	7680	0.789149
26	27	7632	0.784217
26	28	7626	0.783600
26	29	7562	0.777024
26	30	7582	0.779079
26	31	7600	0.780929
26	32	7578	0.778668
26	33	7598	0.780723
26	34	7624	0.783395
26	35	7552	0.775997
26	36	7584	0.779285
26	37	7600	0.780929
26	38	7598	0.780723
26	39	7670	0.788122
26	40	7646	0.785656
26	41	7614	0.782367
26	42	7572	0.778052
26	43	7648	0.785861
26	44	7610	0.781956
26	45	7616	0.782573
26	46	7638	0.784834
26	47	7592	0.780107
26	48	7564	0.777230
26	49	7572	0.778052
26	50	7602	0.781134
26	51	7590	0.779901
26	52	7658	0.786889
26	53	7620	0.782984
26	54	7628	0.783806
26	55	7648	0.785861
26	56	7646	0.785656
26	57	7598	0.780723
26	58	7606	0.781545
26	59	7608	0.781751
26	60	7596	0.780518
26	61	7632	0.784217
26	62	7616	0.782573
26	63	7602	0.781134
26	64	7628	0.783806
26	65	7570	0.777846
26	66	7660	0.787094
26	67	7606	0.781545
26	68	7662	0.787300
26	69	7652	0.786272
26	70	7580	0.778874
26	71	7622	0.783189
26	72	7656	0.786683
26	73	7606	0.781545
26	74	7664	0.787505
26	75	7586	0.779490
26	76	7632	0.784217
26	77	7640	0.785039
26	78	7604	0.781340
26	79	7658	0.786889
26	80	7672	0.788327
26	81	7592	0.780107
26	82	7594	0.780312
26	83	7574	0.778257
26	84	7622	0.783189
26	85	7580	0.778874
26	86	7604	0.781340
26	87	7610	0.781956
26	88	7618	0.782778
26	89	7570	0.777846
26	90	7616	0.782573
26	91	7640	0.785039
26	92	7620	0.782984
26	93	7676	0.788738
26	94	7658	0.786889
26	95	7586	0.779490
26	96	7542	0.774969
26	97	7700	0.791204
26	98	7670	0.788122
26	99	7622	0.783189
27	28	7596	0.780518
27	29	7588	0.779696
27	30	7558	0.776613
27	31	7612	0.782162
27	32	7614	0.782367
27	33	7638	0.784834
27	34	7580	0.778874
27	35	7568	0.777641
27	36	7602	0.781134
27	37	7608	0.781751
27	38	7588	0.779696
27	39	7686	0.789766
27	40	7608	0.781751
27	41	7602	0.781134
27	42	7648	0.785861
27	43	7620	0.782984
27	44	7620	0.782984
27	45	7576	0.778463
27	46	7644	0.785450
27	47	7644	0.785450
27	48	7618	0.782778
27	49	7596	0.780518
27	50	7608	0.781751
27	51	7644	0.785450
27	52	7606	0.781545
27	53	7560	0.776819
27	54	7622	0.783189
27	55	7586	0.779490
27	56	7596	0.780518
27	57	7606	0.781545
27	58	7616	0.782573
27	59	7642	0.785245
27	60	7582	0.779079
27	61	7638	0.784834
27	62	7626	0.783600
27	63	7596	0.780518
27	64	7570	0.777846
27	65	7600	0.780929
27	66	7618	0.782778
27	67	7612	0.782162
27	68	7640	0.785039
27	69	7598	0.780723
27	70	7568	0.777641
27	71	7644	0.785450
27	72	7616	0.782573
27	73	7614	0.782367
27	74	7592	0.780107
27	75	7636	0.784628
27	76	7602	0.781134
27	77	7612	0.782162
27	78	7594	0.780312
27	79	7658	0.786889
27	80	7656	0.786683
27	81	7604	0.781340
27	82	7642	0.785245
27	83	7606	0.781545
27	84	7574	0.778257
27	85	7650	0.786067
27	86	7620	0.782984
27	87	7684	0.789560
27	88	7644	0.785450
27	89	7616	0.782573
27	90	7616	0.782573
27	91	7622	0.783189
27	92	7586	0.779490
27	93	7640	0.785039
27	94	7612	0.782162
27	95	7618	0.782778
27	96	7650	0.786067
27	97	7680	0.789149
27	98	7606	0.781545
27	99	7628	0.783806
28	29	7600	0.780929
28	30	7564	0.777230
28	31	7602	0.781134
28	32	7604	0.781340
28	33	7586	0.779490
28	34	7532	0.773942
28	35	7550	0.775791
28	36	7576	0.778463
28	37	7560	0.776819
28	38	7648	0.785861
28	39	7618	0.782778
28	40	7604	0.781340
28	41	7582	0.779079
28	42	7588	0.779696
28	43	7622	0.783189
28	44	7620	0.782984
28	45	7564	0.777230
28	46	7632	0.784217
28	47	7652	0.786272
28	48	7650	0.786067
28	49	7594	0.780312
28	50	7584	0.779285
28	51	7624	0.783395
28	52	7658	0.786889
28	53	7618	0.782778
28	54	7668	0.787916
28	55	7604	0.781340
28	56	7582	0.779079
28	57	7652	0.786272
28	58	7642	0.785245
28	59	7632	0.784217
28	60	7580	0.778874
28	61	7630	0.784012
28	62	7600	0.780929
28	63	7594	0.780312
28	64	7590	0.779901
28	65	7618	0.782778
28	66	7604	0.781340
28	67	7610	0.781956
28	68	7582	0.779079
28	69	7628	0.783806
28	70	7560	0.776819
28	71	7592	0.780107
28	72	7634	0.784423
28	73	7588	0.779696
28	74	7630	0.784012
28	75	7590	0.779901
28	76	7598	0.780723
28	77	7564	0.777230
28	78	7570	0.777846
28	79	7616	0.782573
28	80	7648	0.785861
28	81	7630	0.784012
28	82	7620	0.782984
28	83	7608	0.781751
28	84	7606	0.781545
28	85	7636	0.784628
28	86	7570	0.777846
28	87	7616	0.782573
28	88	7642	0.785245
28	89	7668	0.787916
28	90	7566	0.777435
28	91	7604	0.781340
28	92	7594	0.780312
28	93	7606	0.781545
28	94	7602	0.781134
28	95	7604	0.781340
28	96	7690	0.790177
28	97	7604	0.781340
28	98	7620	0.782984
28	99	7652	0.786272
29	30	7632	0.784217
29	31	7624	0.783395
29	32	7606	0.781545
29	33	7624	0.783395
29	34	7660	0.787094
29	35	7654	0.786478
29	36	7556	0.776408
29	37	7616	0.782573
29	38	7580	0.778874
29	39	7672	0.788327
29	40	7608	0.781751
29	41	7598	0.780723
29	42	7608	0.781751
29	43	7692	0.790382
29	44	7636	0.784628
29	45	7634	0.784423
29	46	7590	0.779901
29	47	7594	0.780312
29	48	7562	0.777024
29	49	7584	0.779285
29	50	7672	0.788327
29	51	7616	0.782573
29	52	7620	0.782984
29	53	7586	0.779490
29	54	7630	0.784012
29	55	7650	0.786067
29	56	7596	0.780518
29	57	7594	0.780312
29	58	7628	0.783806
29	59	7570	0.777846
29	60	7636	0.784628
29	61	7606	0.781545
29	62	7574	0.778257
29	63	7614	0.782367
29	64	7600	0.780929
29	65	7648	0.785861
29	66	7618	0.782778
29	67	7608	0.781751
29	68	7590	0.779901
29	69	7596	0.780518
29	70	7592	0.780107
29	71	7642	0.785245
29	72	7584	0.779285
29	73	7652	0.786272
29	74	7630	0.784012
29	75	7598	0.780723
29	76	7610	0.781956
29	77	7658	0.786889
29	78	7630	0.784012
29	79	7596	0.780518
29	80	7658	0.786889
29	81	7612	0.782162
29	82	7620	0.782984
29	83	7618	0.782778
29	84	7564	0.777230
29	85	7600	0.780929
29	86	7638	0.784834
29	87	7604	0.781340
29	88	7626	0.783600
29	89	7616	0.782573
29	90	7552	0.775997
29	91	7684	0.789560
29	92	7592	0.780107
29	93	7630	0.784012
29	94	7594	0.780312
29	95	7674	0.788533
29	96	7638	0.784834
29	97	7692	0.790382
29	98	7690	0.790177
29	99	7622	0.783189
30	31	7582	0.779079
30	32	7608	0.781751
30	33	7614	0.782367
30	34	7602	0.781134
30	35	7608	0.781751
30	36	7590	0.779901
30	37	7588	0.779696
30	38	7564	0.777230
30	39	7596	0.780518
30	40	7634	0.784423
30	41	7626	0.783600
30	42	7562	0.777024
30	43	7602	0.781134
30	44	7658	0.786889
30	45	7590	0.779901
30	46	7640	0.785039
30	47	7578	0.778668
30	48	7588	0.779696
30	49	7598	0.780723
30	50	7570	0.777846
30	51	7620	0.782984
30	52	7608	0.781751
30	53	7586	0.779490
30	54	7604	0.781340
30	55	7546	0.775380
30	56	7610	0.781956
30	57	7632	0.784217
30	58	7620	0.782984
30	59	7602	0.781134
30	60	7600	0.780929
30	61	7610	0.781956
30	62	7586	0.779490
30	63	7606	0.781545
30	64	7634	0.784423
30	65	7648	0.785861
30	66	7636	0.784628
30	67	7596	0.780518
30	68	7620	0.782984
30	69	7660	0.787094
30	70	7554	0.776202
30	71	7648	0.785861
30	72	7606	0.781545
30	73	7588	0.779696
30	74	7612	0.782162
30	75	7566	0.777435
30	76	7600	0.780929
30	77	7598	0.780723
30	78	7628	0.783806
30	79	7650	0.786067
30	80	7658	0.786889
30	81	7598	0.780723
30	82	7590	0.779901
30	83	7636	0.784628
30	84	7590	0.779901
30	85	7596	0.780518
30	86	7650	0.786067
30	87	7624	0.783395
30	88	7634	0.784423
30	89	7606	0.781545
30	90	7600	0.780929
30	91	7630	0.784012
30	92	7644	0.785450
30	93	7626	0.783600
30	94	7620	0.782984
30	95	7632	0.784217
30	96	7632	0.784217
30	97	7650	0.786067
30	98	7690	0.790177
30	99	7624	0.783395
31	32	7604	0.781340
31	33	7628	0.783806
31	34	7640	0.785039
31	35	7632	0.784217
31	36	7624	0.783395
31	37	7618	0.782778
31	38	7616	0.782573
31	39	7616	0.782573
31	40	7638	0.784834
31	41	7630	0.784012
31	42	7636	0.784628
31	43	7646	0.785656
31	44	7652	0.786272
31	45	7580	0.778874
31	46	7646	0.785656
31	47	7652	0.786272
31	48	7624	0.783395
31	49	7590	0.779901
31	50	7594	0.780312
31	51	7636	0.784628
31	52	7620	0.782984
31	53	7646	0.785656
31	54	7564	0.777230
31	55	7628	0.783806
31	56	7638	0.784834
31	57	7610	0.781956
31	58	7636	0.784628
31	59	7636	0.784628
31	60	7626	0.783600
31	61	7606	0.781545
31	62	7620	0.782984
31	63	7642	0.785245
31	64	7634	0.784423
31	65	7666	0.787711
31	66	7586	0.779490
31	67	7612	0.782162
31	68	7658	0.786889
31	69	7640	0.785039
31	70	7624	0.783395
31	71	7606	0.781545
31	72	7654	0.786478
31	73	7632	0.784217
31	74	7620	0.782984
31	75	7612	0.782162
31	76	7616	0.782573
31	77	7590	0.779901
31	78	7674	0.788533
31	79	7652	0.786272
31	80	7632	0.784217
31	81	7624	0.783395
31	82	7634	0.784423
31	83	7610	0.781956
31	84	7632	0.784217
31	85	7642	0.785245
31	86	7612	0.782162
31	87	7576	0.778463
31	88	7652	0.786272
31	89	7606	0.781545
31	90	7636	0.784628
31	91	7656	0.786683
31	92	7618	0.782778
31	93	7652	0.786272
31	94	7620	0.782984
31	95	7606	0.781545
31	96	7640	0.785039
31	97	7688	0.789971
31	98	7666	0.787711
31	99	7650	0.786067
32	33	7618	0.782778
32	34	7640	0.785039
32	35	7628	0.783806
32	36	7686	0.789766
32	37	7620	0.782984
32	38	7646	0.785656
32	39	7634	0.784423
32	40	7662	0.787300
32	41	7560	0.776819
32	42	7592	0.780107
32	43	7642	0.785245
32	44	7582	0.779079
32	45	7628	0.783806
32	46	7614	0.782367
32	47	7618	0.782778
32	48	7614	0.782367
32	49	7640	0.785039
32	50	7644	0.785450
32	51	7628	0.783806
32	52	7598	0.780723
32	53	7616	0.782573
32	54	7672	0.788327
32	55	7690	0.790177
32	56	7618	0.782778
32	57	7622	0.783189
32	58	7612	0.782162
32	59	7578	0.778668
32	60	7598	0.780723
32	61	7622	0.783189
32	62	7642	0.785245
32	63	7598	0.780723
32	64	7638	0.784834
32	65	7620	0.782984
32	66	7588	0.779696
32	67	7626	0.783600
32	68	7608	0.781751
32	69	7628	0.783806
32	70	7636	0.784628
32	71	7654	0.786478
32	72	7634	0.784423
32	73	7640	0.785039
32	74	7666	0.787711
32	75	7612	0.782162
32	76	7630	0.784012
32	77	7658	0.786889
32	78	7638	0.784834
32	79	7642	0.785245
32	80	7660	0.787094
32	81	7638	0.784834
32	82	7614	0.782367
32	83	7592	0.780107
32	84	7624	0.783395
32	85	7602	0.781134
32	86	7636	0.784628
32	87	7570	0.777846
32	88	7594	0.780312
32	89	7626	0.783600
32	90	7658	0.786889
32	91	7666	0.787711
32	92	7612	0.782162
32	93	7620	0.782984
32	94	7654	0.786478
32	95	7656	0.786683
32	96	7662	0.787300
32	97	7676	0.788738
32	98	7594	0.780312
32	99	7596	0.780518
33	34	7636	0.784628
33	35	7608	0.781751
33	36	7650	0.786067
33	37	7598	0.780723
33	38	7572	0.778052
33	39	7572	0.778052
33	40	7628	0.783806
33	41	7652	0.786272
33	42	7662	0.787300
33	43	7666	0.787711
33	44	7584	0.779285
33	45	7622	0.783189
33	46	7622	0.783189
33	47	7564	0.777230
33	48	7630	0.784012
33	49	7606	0.781545
33	50	7594	0.780312
33	51	7632	0.784217
33	52	7626	0.783600
33	53	7664	0.787505
33	54	7626	0.783600
33	55	7626	0.783600
33	56	7616	0.782573
33	57	7636	0.784628
33	58	7668	0.787916
33	59	7660	0.787094
33	60	7592	0.780107
33	61	7658	0.786889
33	62	7660	0.787094
33	63	7570	0.777846
33	64	7626	0.783600
33	65	7590	0.779901
33	66	7620	0.782984
33	67	7650	0.786067
33	68	7654	0.786478
33	69	7566	0.777435
33	70	7588	0.779696
33	71	7562	0.777024
33	72	7634	0.784423
33	73	7592	0.780107
33	74	7628	0.783806
33	75	7600	0.780929
33	76	7614	0.782367
33	77	7562	0.777024
33	78	7642	0.785245
33	79	7622	0.783189
33	80	7670	0.788122
33	81	7638	0.784834
33	82	7604	0.781340
33	83	7642	0.785245
33	84	7594	0.780312
33	85	7636	0.784628
33	86	7674	0.788533
33	87	7602	0.781134
33	88	7636	0.784628
33	89	7642	0.785245
33	90	7592	0.780107
33	91	7612	0.782162
33	92	7666	0.787711
33	93	7660	0.787094
33	94	7610	0.781956
33	95	7590	0.779901
33	96	7644	0.785450
33	97	7662	0.787300
33	98	7686	0.789766
33	99	7630	0.784012
34	35	7610	0.781956
34	36	7640	0.785039
34	37	7614	0.782367
34	38	7580	0.778874
34	39	7636	0.784628
34	40	7650	0.786067
34	41	7636	0.784628
34	42	7640	0.785039
34	43	7670	0.788122
34	44	7646	0.785656
34	45	7602	0.781134
34	46	7626	0.783600
34	47	7654	0.786478
34	48	7566	0.777435
34	49	7616	0.782573
34	50	7606	0.781545
34	51	7636	0.784628
34	52	7598	0.780723
34	53	7602	0.781134
34	54	7636	0.784628
34	55	7602	0.781134
34	56	7604	0.781340
34	57	7620	0.782984
34	58	7634	0.784423
34	59	7648	0.785861
34	60	7640	0.785039
34	61	7666	0.787711
34	62	7638	0.784834
34	63	7584	0.779285
34	64	7622	0.783189
34	65	7610	0.781956
34	66	7636	0.784628
34	67	7626	0.783600
34	68	7668	0.787916
34	69	7624	0.783395
34	70	7612	0.782162
34	71	7578	0.778668
34	72	7578	0.778668
34	73	7614	0.782367
34	74	7576	0.778463
34	75	7598	0.780723
34	76	7582	0.779079
34	77	7604	0.781340
34	78	7582	0.779079
34	79	7600	0.780929
34	80	7638	0.784834
34	81	7618	0.782778
34	82	7660	0.787094
34	83	7624	0.783395
34	84	7624	0.783395
34	85	7658	0.786889
34	86	7582	0.779079
34	87	7612	0.782162
34	88	7620	0.782984
34	89	7622	0.783189
34	90	7650	0.786067
34	91	7626	0.783600
34	92	7648	0.785861
34	93	7616	0.782573
34	94	7616	0.782573
34	95	7634	0.784423
34	96	7660	0.787094
34	97	7644	0.785450
34	98	7630	0.784012
34	99	7682	0.789355
35	36	7586	0.779490
35	37	7554	0.776202
35	38	7616	0.782573
35	39	7596	0.780518
35	40	7644	0.785450
35	41	7662	0.787300
35	42	7596	0.780518
35	43	7622	0.783189
35	44	7646	0.785656
35	45	7586	0.779490
35	46	7610	0.781956
35	47	7598	0.780723
35	48	7552	0.775997
35	49	7564	0.777230
35	50	7610	0.781956
35	51	7630	0.784012
35	52	7624	0.783395
35	53	7612	0.782162
35	54	7574	0.778257
35	55	7610	0.781956
35	56	7630	0.784012
35	57	7592	0.780107
35	58	7630	0.784012
35	59	7616	0.782573
35	60	7598	0.780723
35	61	7620	0.782984
35	62	7654	0.786478
35	63	7634	0.784423
35	64	7682	0.789355
35	65	7606	0.781545
35	66	7632	0.784217
35	67	7600	0.780929
35	68	7616	0.782573
35	69	7644	0.785450
35	70	7570	0.777846
35	71	7636	0.784628
35	72	7592	0.780107
35	73	7592	0.780107
35	74	7640	0.785039
35	75	7598	0.780723
35	76	7584	0.779285
35	77	7630	0.784012
35	78	7618	0.782778
35	79	7588	0.779696
35	80	7672	0.788327
35	81	7602	0.781134
35	82	7620	0.782984
35	83	7614	0.782367
35	84	7586	0.779490
35	85	7614	0.782367
35	86	7578	0.778668
35	87	7612	0.782162
35	88	7638	0.784834
35	89	7668	0.787916
35	90	7636	0.784628
35	91	7624	0.783395
35	92	7662	0.787300
35	93	7642	0.785245
35	94	7590	0.779901
35	95	7634	0.784423
35	96	7602	0.781134
35	97	7658	0.786889
35	98	7604	0.781340
35	99	7612	0.782162
36	37	7602	0.781134
36	38	7624	0.783395
36	39	7680	0.789149
36	40	7636	0.784628
36	41	7658	0.786889
36	42	7622	0.783189
36	43	7612	0.782162
36	44	7646	0.785656
36	45	7636	0.784628
36	46	7622	0.783189
36	47	7638	0.784834
36	48	7650	0.786067
36	49	7678	0.788944
36	50	7658	0.786889
36	51	7674	0.788533
36	52	7620	0.782984
36	53	7618	0.782778
36	54	7636	0.784628
36	55	7618	0.782778
36	56	7642	0.785245
36	57	7590	0.779901
36	58	7608	0.781751
36	59	7662	0.787300
36	60	7588	0.779696
36	61	7678	0.788944
36	62	7596	0.780518
36	63	7634	0.784423
36	64	7636	0.784628
36	65	7612	0.782162
36	66	7646	0.785656
36	67	7620	0.782984
36	68	7582	0.779079
36	69	7610	0.781956
36	70	7592	0.780107
36	71	7652	0.786272
36	72	7674	0.788533
36	73	7596	0.780518
36	74	7650	0.786067
36	75	7596	0.780518
36	76	7602	0.781134
36	77	7620	0.782984
36	78	7628	0.783806
36	79	7638	0.784834
36	80	7666	0.787711
36	81	7636	0.784628
36	82	7638	0.784834
36	83	7618	0.782778
36	84	7628	0.783806
36	85	7646	0.785656
36	86	7624	0.783395
36	87	7568	0.777641
36	88	7614	0.782367
36	89	7630	0.784012
36	90	7640	0.785039
36	91	7590	0.779901
36	92	7642	0.785245
36	93	7562	0.777024
36	94	7616	0.782573
36	95	7628	0.783806
36	96	7644	0.785450
36	97	7698	0.790999
36	98	7674	0.788533
36	99	7664	0.787505
37	38	7574	0.778257
37	39	7624	0.783395
37	40	7654	0.786478
37	41	7612	0.782162
37	42	7600	0.780929
37	43	7608	0.781751
37	44	7628	0.783806
37	45	7634	0.784423
37	46	7582	0.779079
37	47	7628	0.783806
37	48	7582	0.779079
37	49	7580	0.778874
37	50	7628	0.783806
37	51	7568	0.777641
37	52	7622	0.783189
37	53	7646	0.785656
37	54	7596	0.780518
37	55	7622	0.783189
37	56	7608	0.781751
37	57	7618	0.782778
37	58	7656	0.786683
37	59	7634	0.784423
37	60	7576	0.778463
37	61	7610	0.781956
37	62	7602	0.781134
37	63	7594	0.780312
37	64	7636	0.784628
37	65	7622	0.783189
37	66	7586	0.779490
37	67	7646	0.785656
37	68	7604	0.781340
37	69	7608	0.781751
37	70	7646	0.785656
37	71	7670	0.788122
37	72	7604	0.781340
37	73	7616	0.782573
37	74	7652	0.786272
37	75	7646	0.785656
37	76	7586	0.779490
37	77	7588	0.779696
37	78	7616	0.782573
37	79	7624	0.783395
37	80	7614	0.782367
37	81	7570	0.777846
37	82	7554	0.776202
37	83	7626	0.783600
37	84	7624	0.783395
37	85	7590	0.779901
37	86	7584	0.779285
37	87	7606	0.781545
37	88	7620	0.782984
37	89	7628	0.783806
37	90	7606	0.781545
37	91	7660	0.787094
37	92	7628	0.783806
37	93	7644	0.785450
37	94	7654	0.786478
37	95	7610	0.781956
37	96	7612	0.782162
37	97	7630	0.784012
37	98	7636	0.784628
37	99	7570	0.777846
38	39	7594	0.780312
38	40	7616	0.782573
38	41	7650	0.786067
38	42	7638	0.784834
38	43	7618	0.782778
38	44	7592	0.780107
38	45	7604	0.781340
38	46	7656	0.786683
38	47	7588	0.779696
38	48	7596	0.780518
38	49	7608	0.781751
38	50	7620	0.782984
38	51	7620	0.782984
38	52	7608	0.781751
38	53	7634	0.784423
38	54	7608	0.781751
38	55	7612	0.782162
38	56	7566	0.777435
38	57	7604	0.781340
38	58	7628	0.783806
38	59	7662	0.787300
38	60	7608	0.781751
38	61	7590	0.779901
38	62	7646	0.785656
38	63	7606	0.781545
38	64	7576	0.778463
38	65	7592	0.780107
38	66	7642	0.785245
38	67	7588	0.779696
38	68	7630	0.784012
38	69	7664	0.787505
38	70	7570	0.777846
38	71	7634	0.784423
38	72	7590	0.779901
38	73	7564	0.777230
38	74	7596	0.780518
38	75	7590	0.779901
38	76	7566	0.777435
38	77	7650	0.786067
38	78	7556	0.776408
38	79	7638	0.784834
38	80	7644	0.785450
38	81	7602	0.781134
38	82	7610	0.781956
38	83	7546	0.775380
38	84	7590	0.779901
38	85	7586	0.779490
38	86	7604	0.781340
38	87	7560	0.776819
38	88	7598	0.780723
38	89	7654	0.786478
38	90	7654	0.786478
38	91	7634	0.784423
38	92	7604	0.781340
38	93	7598	0.780723
38	94	7626	0.783600
38	95	7592	0.780107
38	96	7644	0.785450
38	97	7656	0.786683
38	98	7684	0.789560
38	99	7664	0.787505
39	40	7606	0.781545
39	41	7642	0.785245
39	42	7606	0.781545
39	43	7644	0.785450
39	44	7634	0.784423
39	45	7648	0.785861
39	46	7610	0.781956
39	47	7630	0.784012
39	48	7546	0.775380
39	49	7576	0.778463
39	50	7564	0.777230
39	51	7674	0.788533
39	52	7680	0.789149
39	53	7584	0.779285
39	54	7668	0.787916
39	55	7650	0.786067
39	56	7576	0.778463
39	57	7594	0.780312
39	58	7616	0.782573
39	59	7662	0.787300
39	60	7614	0.782367
39	61	7582	0.779079
39	62	7602	0.781134
39	63	7618	0.782778
39	64	7606	0.781545
39	65	7604	0.781340
39	66	7622	0.783189
39	67	7656	0.786683
39	68	7620	0.782984
39	69	7616	0.782573
39	70	7622	0.783189
39	71	7656	0.786683
39	72	7580	0.778874
39	73	7628	0.783806
39	74	7602	0.781134
39	75	7606	0.781545
39	76	7576	0.778463
39	77	7644	0.785450
39	78	7702	0.791410
39	79	7628	0.783806
39	80	7630	0.784012
39	81	7556	0.776408
39	82	7604	0.781340
39	83	7632	0.784217
39	84	7622	0.783189
39	85	7598	0.780723
39	86	7608	0.781751
39	87	7620	0.782984
39	88	7642	0.785245
39	89	7636	0.784628
39	90	7646	0.785656
39	91	7632	0.784217
39	92	7586	0.779490
39	93	7578	0.778668
39	94	7582	0.779079
39	95	7662	0.787300
39	96	7664	0.787505
39	97	7632	0.784217
39	98	7676	0.788738
39	99	7626	0.783600
40	41	7582	0.779079
40	42	7648	0.785861
40	43	7610	0.781956
40	44	7658	0.786889
40	45	7642	0.785245
40	46	7652	0.786272
40	47	7656	0.786683
40	48	7628	0.783806
40	49	7654	0.786478
40	50	7676	0.788738
40	51	7634	0.784423
40	52	7636	0.784628
40	53	7602	0.781134
40	54	7670	0.788122
40	55	7648	0.785861
40	56	7580	0.778874
40	57	7630	0.784012
40	58	7644	0.785450
40	59	7622	0.783189
40	60	7584	0.779285
40	61	7612	0.782162
40	62	7608	0.781751
40	63	7648	0.785861
40	64	7626	0.783600
40	65	7586	0.779490
40	66	7694	0.790588
40	67	7654	0.786478
40	68	7558	0.776613
40	69	7672	0.788327
40	70	7620	0.782984
40	71	7652	0.786272
40	72	7628	0.783806
40	73	7626	0.783600
40	74	7628	0.783806
40	75	7620	0.782984
40	76	7624	0.783395
40	77	7662	0.787300
40	78	7644	0.785450
40	79	7626	0.783600
40	80	7648	0.785861
40	81	7618	0.782778
40	82	7622	0.783189
40	83	7624	0.783395
40	84	7616	0.782573
40	85	7670	0.788122
40	86	7666	0.787711
40	87	7600	0.780929
40	88	7662	0.787300
40	89	7640	0.785039
40	90	7646	0.785656
40	91	7620	0.782984
40	92	7670	0.788122
40	93	7680	0.789149
40	94	7618	0.782778
40	95	7662	0.787300
40	96	7670	0.788122
40	97	7582	0.779079
40	98	7652	0.786272
40	99	7634	0.784423
41	42	7622	0.783189
41	43	7562	0.777024
41	44	7654	0.786478
41	45	7634	0.784423
41	46	7620	0.782984
41	47	7628	0.783806
41	48	7626	0.783600
41	49	7626	0.783600
41	50	7620	0.782984
41	51	7610	0.781956
41	52	7664	0.787505
41	53	7612	0.782162
41	54	7640	0.785039
41	55	7638	0.784834
41	56	7584	0.779285
41	57	7660	0.787094
41	58	7636	0.784628
41	59	7642	0.785245
41	60	7568	0.777641
41	61	7584	0.779285
41	62	7620	0.782984
41	63	7626	0.783600
41	64	7628	0.783806
41	65	7646	0.785656
41	66	7636	0.784628
41	67	7630	0.784012
41	68	7602	0.781134
41	69	7604	0.781340
41	70	7630	0.784012
41	71	7640	0.785039
41	72	7668	0.787916
41	73	7584	0.779285
41	74	7620	0.782984
41	75	7606	0.781545
41	76	7644	0.785450
41	77	7642	0.785245
41	78	7652	0.786272
41	79	7588	0.779696
41	80	7654	0.786478
41	81	7620	0.782984
41	82	7596	0.780518
41	83	7652	0.786272
41	84	7612	0.782162
41	85	7668	0.787916
41	86	7592	0.780107
41	87	7558	0.776613
41	88	7648	0.785861
41	89	7624	0.783395
41	90	7638	0.784834
41	91	7652	0.786272
41	92	7596	0.780518
41	93	7628	0.783806
41	94	7648	0.785861
41	95	7740	0.795314
41	96	7660	0.787094
41	97	7654	0.786478
41	98	7654	0.786478
41	99	7660	0.787094
42	43	7594	0.780312
42	44	7626	0.783600
42	45	7634	0.784423
42	46	7590	0.779901
42	47	7608	0.781751
42	48	7642	0.785245
42	49	7600	0.780929
42	50	7614	0.782367
42	51	7630	0.784012
42	52	7664	0.787505
42	53	7608	0.781751
42	54	7672	0.788327
42	55	7626	0.783600
42	56	7596	0.780518
42	57	7650	0.786067
42	58	7676	0.788738
42	59	7640	0.785039
42	60	7604	0.781340
42	61	7668	0.787916
42	62	7580	0.778874
42	63	7618	0.782778
42	64	7626	0.783600
42	65	7630	0.784012
42	66	7594	0.780312
42	67	7670	0.788122
42	68	7632	0.784217
42	69	7596	0.780518
42	70	7584	0.779285
42	71	7584	0.779285
42	72	7676	0.788738
42	73	7600	0.780929
42	74	7650	0.786067
42	75	7632	0.784217
42	76	7658	0.786889
42	77	7646	0.785656
42	78	7638	0.784834
42	79	7684	0.789560
42	80	7678	0.788944
42	81	7646	0.785656
42	82	7618	0.782778
42	83	7572	0.778052
42	84	7628	0.783806
42	85	7612	0.782162
42	86	7646	0.785656
42	87	7636	0.784628
42	88	7654	0.786478
42	89	7642	0.785245
42	90	7644	0.785450
42	91	7654	0.786478
42	92	7584	0.779285
42	93	7620	0.782984
42	94	7600	0.780929
42	95	7672	0.788327
42	96	7644	0.785450
42	97	7622	0.783189
42	98	7660	0.787094
42	99	7674	0.788533
43	44	7632	0.784217
43	45	7590	0.779901
43	46	7626	0.783600
43	47	7588	0.779696
43	48	7636	0.784628
43	49	7642	0.785245
43	50	7596	0.780518
43	51	7612	0.782162
43	52	7688	0.789971
43	53	7678	0.788944
43	54	7664	0.787505
43	55	7634	0.784423
43	56	7612	0.782162
43	57	7698	0.790999
43	58	7712	0.792437
43	59	7716	0.792848
43	60	7638	0.784834
43	61	7624	0.783395
43	62	7608	0.781751
43	63	7656	0.786683
43	64	7638	0.784834
43	65	7630	0.784012
43	66	7622	0.783189
43	67	7638	0.784834
43	68	7602	0.781134
43	69	7666	0.787711
43	70	7628	0.783806
43	71	7626	0.783600
43	72	7682	0.789355
43	73	7648	0.785861
43	74	7662	0.787300
43	75	7592	0.780107
43	76	7636	0.784628
43	77	7680	0.789149
43	78	7688	0.789971
43	79	7676	0.788738
43	80	7668	0.787916
43	81	7686	0.789766
43	82	7624	0.783395
43	83	7596	0.780518
43	84	7624	0.783395
43	85	7652	0.786272
43	86	7670	0.788122
43	87	7622	0.783189
43	88	7648	0.785861
43	89	7634	0.784423
43	90	7664	0.787505
43	91	7608	0.781751
43	92	7634	0.784423
43	93	7640	0.785039
43	94	7630	0.784012
43	95	7644	0.785450
43	96	7636	0.784628
43	97	7660	0.787094
43	98	7638	0.784834
43	99	7648	0.785861
44	45	7640	0.785039
44	46	7640	0.785039
44	47	7602	0.781134
44	48	7600	0.780929
44	49	7652	0.786272
44	50	7664	0.787505
44	51	7626	0.783600
44	52	7596	0.780518
44	53	7648	0.785861
44	54	7648	0.785861
44	55	7616	0.782573
44	56	7668	0.787916
44	57	7638	0.784834
44	58	7640	0.785039
44	59	7612	0.782162
44	60	7622	0.783189
44	61	7578	0.778668
44	62	7634	0.784423
44	63	7640	0.785039
44	64	7624	0.783395
44	65	7610	0.781956
44	66	7696	0.790793
44	67	7616	0.782573
44	68	7652	0.786272
44	69	7670	0.788122
44	70	7652	0.786272
44	71	7608	0.781751
44	72	7616	0.782573
44	73	7636	0.784628
44	74	7624	0.783395
44	75	7594	0.780312
44	76	7614	0.782367
44	77	7628	0.783806
44	78	7634	0.784423
44	79	7590	0.779901
44	80	7618	0.782778
44	81	7622	0.783189
44	82	7610	0.781956
44	83	7624	0.783395
44	84	7618	0.782778
44	85	7630	0.784012
44	86	7612	0.782162
44	87	7640	0.785039
44	88	7632	0.784217
44	89	7596	0.780518
44	90	7664	0.787505
44	91	7616	0.782573
44	92	7608	0.781751
44	93	7624	0.783395
44	94	7648	0.785861
44	95	7632	0.784217
44	96	7600	0.780929
44	97	7668	0.787916
44	98	7658	0.786889
44	99	7690	0.790177
45	46	7630	0.784012
45	47	7592	0.780107
45	48	7602	0.781134
45	49	7658	0.786889
45	50	7622	0.783189
45	51	7620	0.782984
45	52	7628	0.783806
45	53	7608	0.781751
45	54	7634	0.784423
45	55	7590	0.779901
45	56	7648	0.785861
45	57	7646	0.785656
45	58	7650	0.786067
45	59	7656	0.786683
45	60	7622	0.783189
45	61	7672	0.788327
45	62	7632	0.784217
45	63	7604	0.781340
45	64	7628	0.783806
45	65	7644	0.785450
45	66	7622	0.783189
45	67	7672	0.788327
45	68	7664	0.787505
45	69	7652	0.786272
45	70	7568	0.777641
45	71	7658	0.786889
45	72	7632	0.784217
45	73	7610	0.781956
45	74	7620	0.782984
45	75	7608	0.781751
45	76	7634	0.784423
45	77	7596	0.780518
45	78	7646	0.785656
45	79	7664	0.787505
45	80	7622	0.783189
45	81	7650	0.786067
45	82	7596	0.780518
45	83	7582	0.779079
45	84	7630	0.784012
45	85	7634	0.784423
45	86	7624	0.783395
45	87	7630	0.784012
45	88	7586	0.779490
45	89	7658	0.786889
45	90	7664	0.787505
45	91	7640	0.785039
45	92	7622	0.783189
45	93	7630	0.784012
45	94	7628	0.783806
45	95	7642	0.785245
45	96	7608	0.781751
45	97	7632	0.784217
45	98	7660	0.787094
45	99	7662	0.787300
46	47	7614	0.782367
46	48	7544	0.775175
46	49	7600	0.780929
46	50	7606	0.781545
46	51	7654	0.786478
46	52	7608	0.781751
46	53	7576	0.778463
46	54	7636	0.784628
46	55	7630	0.784012
46	56	7622	0.783189
46	57	7580	0.778874
46	58	7668	0.787916
46	59	7660	0.787094
46	60	7644	0.785450
46	61	7634	0.784423
46	62	7620	0.782984
46	63	7616	0.782573
46	64	7618	0.782778
46	65	7644	0.785450
46	66	7608	0.781751
46	67	7686	0.789766
46	68	7626	0.783600
46	69	7610	0.781956
46	70	7624	0.783395
46	71	7614	0.782367
46	72	7614	0.782367
46	73	7622	0.783189
46	74	7614	0.782367
46	75	7614	0.782367
46	76	7570	0.777846
46	77	7630	0.784012
46	78	7656	0.786683
46	79	7648	0.785861
46	80	7634	0.784423
46	81	7600	0.780929
46	82	7650	0.786067
46	83	7614	0.782367
46	84	7624	0.783395
46	85	7628	0.783806
46	86	7662	0.787300
46	87	7642	0.785245
46	88	7646	0.785656
46	89	7608	0.781751
46	90	7666	0.787711
46	91	7630	0.784012
46	92	7630	0.784012
46	93	7634	0.784423
46	94	7640	0.785039
46	95	7646	0.785656
46	96	7662	0.787300
46	97	7694	0.790588
46	98	7674	0.788533
46	99	7604	0.781340
47	48	7598	0.780723
47	49	7594	0.780312
47	50	7654	0.786478
47	51	7600	0.780929
47	52	7606	0.781545
47	53	7648	0.785861
47	54	7626	0.783600
47	55	7592	0.780107
47	56	7640	0.785039
47	57	7620	0.782984
47	58	7634	0.784423
47	59	7616	0.782573
47	60	7586	0.779490
47	61	7630	0.784012
47	62	7620	0.782984
47	63	7604	0.781340
47	64	7634	0.784423
47	65	7624	0.783395
47	66	7648	0.785861
47	67	7622	0.783189
47	68	7588	0.779696
47	69	7596	0.780518
47	70	7620	0.782984
47	71	7658	0.786889
47	72	7640	0.785039
47	73	7510	0.771681
47	74	7670	0.788122
47	75	7610	0.781956
47	76	7664	0.787505
47	77	7598	0.780723
47	78	7656	0.786683
47	79	7674	0.788533
47	80	7624	0.783395
47	81	7634	0.784423
47	82	7630	0.784012
47	83	7572	0.778052
47	84	7606	0.781545
47	85	7642	0.785245
47	86	7678	0.788944
47	87	7608	0.781751
47	88	7628	0.783806
47	89	7618	0.782778
47	90	7656	0.786683
47	91	7660	0.787094
47	92	7620	0.782984
47	93	7696	0.790793
47	94	7592	0.780107
47	95	7654	0.786478
47	96	7624	0.783395
47	97	7658	0.786889
47	98	7646	0.785656
47	99	7592	0.780107
48	49	7620	0.782984
48	50	7628	0.783806
48	51	7576	0.778463
48	52	7636	0.784628
48	53	7614	0.782367
48	54	7684	0.789560
48	55	7594	0.780312
48	56	7648	0.785861
48	57	7582	0.779079
48	58	7670	0.788122
48	59	7616	0.782573
48	60	7598	0.780723
48	61	7622	0.783189
48	62	7630	0.784012
48	63	7604	0.781340
48	64	7642	0.785245
48	65	7620	0.782984
48	66	7614	0.782367
48	67	7592	0.780107
48	68	7574	0.778257
48	69	7632	0.784217
48	70	7572	0.778052
48	71	7570	0.777846
48	72	7586	0.779490
48	73	7574	0.778257
48	74	7644	0.785450
48	75	7618	0.782778
48	76	7572	0.778052
48	77	7646	0.785656
48	78	7642	0.785245
48	79	7640	0.785039
48	80	7622	0.783189
48	81	7616	0.782573
48	82	7686	0.789766
48	83	7652	0.786272
48	84	7638	0.784834
48	85	7606	0.781545
48	86	7628	0.783806
48	87	7638	0.784834
48	88	7610	0.781956
48	89	7644	0.785450
48	90	7590	0.779901
48	91	7694	0.790588
48	92	7590	0.779901
48	93	7600	0.780929
48	94	7594	0.780312
48	95	7660	0.787094
48	96	7574	0.778257
48	97	7710	0.792232
48	98	7648	0.785861
48	99	7628	0.783806
49	50	7610	0.781956
49	51	7592	0.780107
49	52	7662	0.787300
49	53	7626	0.783600
49	54	7604	0.781340
49	55	7656	0.786683
49	56	7560	0.776819
49	57	7592	0.780107
49	58	7632	0.784217
49	59	7672	0.788327
49	60	7620	0.782984
49	61	7656	0.786683
49	62	7586	0.779490
49	63	7624	0.783395
49	64	7628	0.783806
49	65	7616	0.782573
49	66	7612	0.782162
49	67	7630	0.784012
49	68	7626	0.783600
49	69	7634	0.784423
49	70	7566	0.777435
49	71	7602	0.781134
49	72	7650	0.786067
49	73	7560	0.776819
49	74	7652	0.786272
49	75	7616	0.782573
49	76	7562	0.777024
49	77	7624	0.783395
49	78	7666	0.787711
49	79	7632	0.784217
49	80	7676	0.788738
49	81	7614	0.782367
49	82	7636	0.784628
49	83	7638	0.784834
49	84	7580	0.778874
49	85	7612	0.782162
49	86	7618	0.782778
49	87	7582	0.779079
49	88	7624	0.783395
49	89	7652	0.786272
49	90	7668	0.787916
49	91	7658	0.786889
49	92	7630	0.784012
49	93	7612	0.782162
49	94	7576	0.778463
49	95	7622	0.783189
49	96	7648	0.785861
49	97	7648	0.785861
49	98	7656	0.786683
49	99	7644	0.785450
50	51	7606	0.781545
50	52	7628	0.783806
50	53	7638	0.784834
50	54	7650	0.786067
50	55	7662	0.787300
50	56	7574	0.778257
50	57	7604	0.781340
50	58	7654	0.786478
50	59	7642	0.785245
50	60	7652	0.786272
50	61	7640	0.785039
50	62	7662	0.787300
50	63	7624	0.783395
50	64	7602	0.781134
50	65	7636	0.784628
50	66	7614	0.782367
50	67	7640	0.785039
50	68	7650	0.786067
50	69	7626	0.783600
50	70	7616	0.782573
50	71	7640	0.785039
50	72	7644	0.785450
50	73	7600	0.780929
50	74	7678	0.788944
50	75	7648	0.785861
50	76	7630	0.784012
50	77	7628	0.783806
50	78	7634	0.784423
50	79	7652	0.786272
50	80	7662	0.787300
50	81	7614	0.782367
50	82	7614	0.782367
50	83	7644	0.785450
50	84	7620	0.782984
50	85	7682	0.789355
50	86	7664	0.787505
50	87	7628	0.783806
50	88	7606	0.781545
50	89	7634	0.784423
50	90	7582	0.779079
50	91	7614	0.782367
50	92	7636	0.784628
50	93	7612	0.782162
50	94	7654	0.786478
50	95	7646	0.785656
50	96	7618	0.782778
50	97	7654	0.786478
50	98	7666	0.787711
50	99	7644	0.785450
51	52	7642	0.785245
51	53	7638	0.784834
51	54	7612	0.782162
51	55	7648	0.785861
51	56	7640	0.785039
51	57	7644	0.785450
51	58	7670	0.788122
51	59	7634	0.784423
51	60	7616	0.782573
51	61	7618	0.782778
51	62	7624	0.783395
51	63	7630	0.784012
51	64	7616	0.782573
51	65	7628	0.783806
51	66	7610	0.781956
51	67	7642	0.785245
51	68	7640	0.785039
51	69	7654	0.786478
51	70	7648	0.785861
51	71	7648	0.785861
51	72	7646	0.785656
51	73	7554	0.776202
51	74	7672	0.788327
51	75	7622	0.783189
51	76	7652	0.786272
51	77	7624	0.783395
51	78	7622	0.783189
51	79	7648	0.785861
51	80	7668	0.787916
51	81	7630	0.784012
51	82	7662	0.787300
51	83	7624	0.783395
51	84	7644	0.785450
51	85	7642	0.785245
51	86	7640	0.785039
51	87	7600	0.780929
51	88	7706	0.791821
51	89	7588	0.779696
51	90	7638	0.784834
51	91	7640	0.785039
51	92	7588	0.779696
51	93	7678	0.788944
51	94	7614	0.782367
51	95	7650	0.786067
51	96	7704	0.791615
51	97	7716	0.792848
51	98	7664	0.787505
51	99	7656	0.786683
52	53	7638	0.784834
52	54	7646	0.785656
52	55	7560	0.776819
52	56	7612	0.782162
52	57	7654	0.786478
52	58	7612	0.782162
52	59	7670	0.788122
52	60	7606	0.781545
52	61	7668	0.787916
52	62	7714	0.792643
52	63	7590	0.779901
52	64	7680	0.789149
52	65	7610	0.781956
52	66	7624	0.783395
52	67	7660	0.787094
52	68	7640	0.785039
52	69	7592	0.780107
52	70	7652	0.786272
52	71	7662	0.787300
52	72	7614	0.782367
52	73	7598	0.780723
52	74	7618	0.782778
52	75	7616	0.782573
52	76	7622	0.783189
52	77	7610	0.781956
52	78	7634	0.784423
52	79	7630	0.784012
52	80	7636	0.784628
52	81	7628	0.783806
52	82	7686	0.789766
52	83	7634	0.784423
52	84	7622	0.783189
52	85	7664	0.787505
52	86	7652	0.786272
52	87	7672	0.788327
52	88	7606	0.781545
52	89	7610	0.781956
52	90	7672	0.788327
52	91	7660	0.787094
52	92	7638	0.784834
52	93	7616	0.782573
52	94	7638	0.784834
52	95	7642	0.785245
52	96	7622	0.783189
52	97	7606	0.781545
52	98	7706	0.791821
52	99	7702	0.791410
53	54	7604	0.781340
53	55	7660	0.787094
53	56	7622	0.783189
53	57	7598	0.780723
53	58	7622	0.783189
53	59	7696	0.790793
53	60	7610	0.781956
53	61	7624	0.783395
53	62	7570	0.777846
53	63	7622	0.783189
53	64	7676	0.788738
53	65	7644	0.785450
53	66	7576	0.778463
53	67	7600	0.780929
53	68	7650	0.786067
53	69	7614	0.782367
53	70	7618	0.782778
53	71	7636	0.784628
53	72	7594	0.780312
53	73	7578	0.778668
53	74	7598	0.780723
53	75	7616	0.782573
53	76	7590	0.779901
53	77	7642	0.785245
53	78	7650	0.786067
53	79	7594	0.780312
53	80	7614	0.782367
53	81	7622	0.783189
53	82	7648	0.785861
53	83	7582	0.779079
53	84	7602	0.781134
53	85	7618	0.782778
53	86	7666	0.787711
53	87	7682	0.789355
53	88	7642	0.785245
53	89	7656	0.786683
53	90	7610	0.781956
53	91	7678	0.788944
53	92	7638	0.784834
53	93	7656	0.786683
53	94	7626	0.783600
53	95	7614	0.782367
53	96	7636	0.784628
53	97	7624	0.783395
53	98	7678	0.788944
53	99	7592	0.780107
54	55	7654	0.786478
54	56	7660	0.787094
54	57	7646	0.785656
54	58	7616	0.782573
54	59	7656	0.786683
54	60	7642	0.785245
54	61	7620	0.782984
54	62	7642	0.785245
54	63	7606	0.781545
54	64	7660	0.787094
54	65	7654	0.786478
54	66	7662	0.787300
54	67	7596	0.780518
54	68	7668	0.787916
54	69	7650	0.786067
54	70	7544	0.775175
54	71	7674	0.788533
54	72	7624	0.783395
54	73	7626	0.783600
54	74	7658	0.786889
54	75	7624	0.783395
54	76	7616	0.782573
54	77	7684	0.789560
54	78	7646	0.785656
54	79	7626	0.783600
54	80	7654	0.786478
54	81	7638	0.784834
54	82	7616	0.782573
54	83	7638	0.784834
54	84	7646	0.785656
54	85	7664	0.787505
54	86	7620	0.782984
54	87	7674	0.788533
54	88	7636	0.784628
54	89	7630	0.784012
54	90	7620	0.782984
54	91	7654	0.786478
54	92	7636	0.784628
54	93	7650	0.786067
54	94	7624	0.783395
54	95	7694	0.790588
54	96	7640	0.785039
54	97	7654	0.786478
54	98	7720	0.793259
54	99	7640	0.785039
55	56	7646	0.785656
55	57	7596	0.780518
55	58	7642	0.785245
55	59	7664	0.787505
55	60	7620	0.782984
55	61	7592	0.780107
55	62	7684	0.789560
55	63	7620	0.782984
55	64	7656	0.786683
55	65	7630	0.784012
55	66	7618	0.782778
55	67	7628	0.783806
55	68	7634	0.784423
55	69	7636	0.784628
55	70	7616	0.782573
55	71	7636	0.784628
55	72	7636	0.784628
55	73	7628	0.783806
55	74	7640	0.785039
55	75	7618	0.782778
55	76	7614	0.782367
55	77	7630	0.784012
55	78	7652	0.786272
55	79	7652	0.786272
55	80	7628	0.783806
55	81	7684	0.789560
55	82	7584	0.779285
55	83	7642	0.785245
55	84	7624	0.783395
55	85	7608	0.781751
55	86	7564	0.777230
55	87	7652	0.786272
55	88	7638	0.784834
55	89	7642	0.785245
55	90	7686	0.789766
55	91	7590	0.779901
55	92	7652	0.786272
55	93	7620	0.782984
55	94	7614	0.782367
55	95	7616	0.782573
55	96	7642	0.785245
55	97	7640	0.785039
55	98	7694	0.790588
55	99	7634	0.784423
56	57	7636	0.784628
56	58	7654	0.786478
56	59	7618	0.782778
56	60	7608	0.781751
56	61	7626	0.783600
56	62	7602	0.781134
56	63	7582	0.779079
56	64	7638	0.784834
56	65	7628	0.783806
56	66	7614	0.782367
56	67	7636	0.784628
56	68	7614	0.782367
56	69	7606	0.781545
56	70	7590	0.779901
56	71	7638	0.784834
56	72	7678	0.788944
56	73	7572	0.778052
56	74	7612	0.782162
56	75	7652	0.786272
56	76	7604	0.781340
56	77	7598	0.780723
56	78	7594	0.780312
56	79	7610	0.781956
56	80	7666	0.787711
56	81	7604	0.781340
56	82	7626	0.783600
56	83	7612	0.782162
56	84	7614	0.782367
56	85	7586	0.779490
56	86	7574	0.778257
56	87	7566	0.777435
56	88	7582	0.779079
56	89	7616	0.782573
56	90	7632	0.784217
56	91	7636	0.784628
56	92	7606	0.781545
56	93	7618	0.782778
56	94	7622	0.783189
56	95	7600	0.780929
56	96	7668	0.787916
56	97	7624	0.783395
56	98	7648	0.785861
56	99	7596	0.780518
57	58	7632	0.784217
57	59	7590	0.779901
57	60	7578	0.778668
57	61	7592	0.780107
57	62	7640	0.785039
57	63	7636	0.784628
57	64	7592	0.780107
57	65	7608	0.781751
57	66	7640	0.785039
57	67	7622	0.783189
57	68	7642	0.785245
57	69	7660	0.787094
57	70	7620	0.782984
57	71	7626	0.783600
57	72	7618	0.782778
57	73	7612	0.782162
57	74	7630	0.784012
57	75	7640	0.785039
57	76	7568	0.777641
57	77	7656	0.786683
57	78	7666	0.787711
57	79	7642	0.785245
57	80	7658	0.786889
57	81	7638	0.784834
57	82	7648	0.785861
57	83	7648	0.785861
57	84	7590	0.779901
57	85	7650	0.786067
57	86	7644	0.785450
57	87	7580	0.778874
57	88	7646	0.785656
57	89	7634	0.784423
57	90	7624	0.783395
57	91	7648	0.785861
57	92	7628	0.783806
57	93	7640	0.785039
57	94	7598	0.780723
57	95	7636	0.784628
57	96	7650	0.786067
57	97	7632	0.784217
57	98	7668	0.787916
57	99	7652	0.786272
58	59	7618	0.782778
58	60	7572	0.778052
58	61	7612	0.782162
58	62	7612	0.782162
58	63	7614	0.782367
58	64	7598	0.780723
58	65	7606	0.781545
58	66	7622	0.783189
58	67	7608	0.781751
58	68	7684	0.789560
58	69	7636	0.784628
58	70	7640	0.785039
58	71	7662	0.787300
58	72	7598	0.780723
58	73	7646	0.785656
58	74	7646	0.785656
58	75	7638	0.784834
58	76	7650	0.786067
58	77	7590	0.779901
58	78	7642	0.785245
58	79	7626	0.783600
58	80	7652	0.786272
58	81	7610	0.781956
58	82	7614	0.782367
58	83	7618	0.782778
58	84	7640	0.785039
58	85	7690	0.790177
58	86	7602	0.781134
58	87	7632	0.784217
58	88	7614	0.782367
58	89	7600	0.780929
58	90	7584	0.779285
58	91	7662	0.787300
58	92	7600	0.780929
58	93	7636	0.784628
58	94	7588	0.779696
58	95	7638	0.784834
58	96	7674	0.788533
58	97	7700	0.791204
58	98	7656	0.786683
58	99	7656	0.786683
59	60	7638	0.784834
59	61	7650	0.786067
59	62	7606	0.781545
59	63	7612	0.782162
59	64	7586	0.779490
59	65	7590	0.779901
59	66	7628	0.783806
59	67	7656	0.786683
59	68	7636	0.784628
59	69	7638	0.784834
59	70	7636	0.784628
59	71	7608	0.781751
59	72	7660	0.787094
59	73	7642	0.785245
59	74	7576	0.778463
59	75	7618	0.782778
59	76	7650	0.786067
59	77	7622	0.783189
59	78	7626	0.783600
59	79	7638	0.784834
59	80	7696	0.790793
59	81	7646	0.785656
59	82	7636	0.784628
59	83	7588	0.779696
59	84	7672	0.788327
59	85	7648	0.785861
59	86	7620	0.782984
59	87	7620	0.782984
59	88	7628	0.783806
59	89	7622	0.783189
59	90	7632	0.784217
59	91	7634	0.784423
59	92	7654	0.786478
59	93	7684	0.789560
59	94	7652	0.786272
59	95	7672	0.788327
59	96	7618	0.782778
59	97	7676	0.788738
59	98	7616	0.782573
59	99	7636	0.784628
60	61	7614	0.782367
60	62	7592	0.780107
60	63	7590	0.779901
60	64	7660	0.787094
60	65	7574	0.778257
60	66	7634	0.784423
60	67	7600	0.780929
60	68	7614	0.782367
60	69	7598	0.780723
60	70	7616	0.782573
60	71	7610	0.781956
60	72	7576	0.778463
60	73	7636	0.784628
60	74	7664	0.787505
60	75	7654	0.786478
60	76	7592	0.780107
60	77	7626	0.783600
60	78	7646	0.785656
60	79	7606	0.781545
60	80	7658	0.786889
60	81	7552	0.775997
60	82	7574	0.778257
60	83	7654	0.786478
60	84	7620	0.782984
60	85	7614	0.782367
60	86	7566	0.777435
60	87	7622	0.783189
60	88	7636	0.784628
60	89	7632	0.784217
60	90	7602	0.781134
60	91	7608	0.781751
60	92	7614	0.782367
60	93	7608	0.781751
60	94	7614	0.782367
60	95	7630	0.784012
60	96	7608	0.781751
60	97	7644	0.785450
60	98	7662	0.787300
60	99	7598	0.780723
61	62	7624	0.783395
61	63	7558	0.776613
61	64	7628	0.783806
61	65	7628	0.783806
61	66	7586	0.779490
61	67	7632	0.784217
61	68	7632	0.784217
61	69	7574	0.778257
61	70	7590	0.779901
61	71	7648	0.785861
61	72	7582	0.779079
61	73	7634	0.784423
61	74	7654	0.786478
61	75	7646	0.785656
61	76	7652	0.786272
61	77	7588	0.779696
61	78	7640	0.785039
61	79	7628	0.783806
61	80	7618	0.782778
61	81	7606	0.781545
61	82	7612	0.782162
61	83	7578	0.778668
61	84	7614	0.782367
61	85	7634	0.784423
61	86	7554	0.776202
61	87	7622	0.783189
61	88	7652	0.786272
61	89	7572	0.778052
61	90	7612	0.782162
61	91	7670	0.788122
61	92	7608	0.781751
61	93	7632	0.784217
61	94	7654	0.786478
61	95	7592	0.780107
61	96	7684	0.789560
61	97	7618	0.782778
61	98	7638	0.784834
61	99	7650	0.786067
62	63	7628	0.783806
62	64	7548	0.775586
62	65	7692	0.790382
62	66	7632	0.784217
62	67	7646	0.785656
62	68	7604	0.781340
62	69	7594	0.780312
62	70	7614	0.782367
62	71	7660	0.787094
62	72	7590	0.779901
62	73	7620	0.782984
62	74	7668	0.787916
62	75	7628	0.783806
62	76	7620	0.782984
62	77	7642	0.785245
62	78	7664	0.787505
62	79	7628	0.783806
62	80	7656	0.786683
62	81	7662	0.787300
62	82	7618	0.782778
62	83	7620	0.782984
62	84	7638	0.784834
62	85	7602	0.781134
62	86	7624	0.783395
62	87	7620	0.782984
62	88	7636	0.784628
62	89	7618	0.782778
62	90	7590	0.779901
62	91	7646	0.785656
62	92	7654	0.786478
62	93	7658	0.786889
62	94	7600	0.780929
62	95	7716	0.792848
62	96	7624	0.783395
62	97	7646	0.785656
62	98	7642	0.785245
62	99	7646	0.785656
63	64	7618	0.782778
63	65	7630	0.784012
63	66	7644	0.785450
63	67	7582	0.779079
63	68	7608	0.781751
63	69	7610	0.781956
63	70	7598	0.780723
63	71	7640	0.785039
63	72	7550	0.775791
63	73	7554	0.776202
63	74	7618	0.782778
63	75	7640	0.785039
63	76	7632	0.784217
63	77	7552	0.775997
63	78	7626	0.783600
63	79	7608	0.781751
63	80	7634	0.784423
63	81	7624	0.783395
63	82	7622	0.783189
63	83	7604	0.781340
63	84	7620	0.782984
63	85	7642	0.785245
63	86	7614	0.782367
63	87	7568	0.777641
63	88	7622	0.783189
63	89	7642	0.785245
63	90	7662	0.787300
63	91	7652	0.786272
63	92	7634	0.784423
63	93	7550	0.775791
63	94	7596	0.780518
63	95	7636	0.784628
63	96	7670	0.788122
63	97	7630	0.784012
63	98	7670	0.788122
63	99	7652	0.786272
64	65	7630	0.784012
64	66	7608	0.781751
64	67	7630	0.784012
64	68	7620	0.782984
64	69	7664	0.787505
64	70	7640	0.785039
64	71	7638	0.784834
64	72	7624	0.783395
64	73	7606	0.781545
64	74	7644	0.785450
64	75	7630	0.784012
64	76	7602	0.781134
64	77	7622	0.783189
64	78	7654	0.786478
64	79	7708	0.792026
64	80	7654	0.786478
64	81	7652	0.786272
64	82	7624	0.783395
64	83	7590	0.779901
64	84	7662	0.787300
64	85	7608	0.781751
64	86	7596	0.780518
64	87	7672	0.788327
64	88	7642	0.785245
64	89	7646	0.785656
64	90	7626	0.783600
64	91	7620	0.782984
64	92	7654	0.786478
64	93	7644	0.785450
64	94	7650	0.786067
64	95	7640	0.785039
64	96	7634	0.784423
64	97	7650	0.786067
64	98	7668	0.787916
64	99	7652	0.786272
65	66	7630	0.784012
65	67	7632	0.784217
65	68	7664	0.787505
65	69	7634	0.784423
65	70	7608	0.781751
65	71	7570	0.777846
65	72	7626	0.783600
65	73	7614	0.782367
65	74	7610	0.781956
65	75	7600	0.780929
65	76	7626	0.783600
65	77	7618	0.782778
65	78	7614	0.782367
65	79	7578	0.778668
65	80	7680	0.789149
65	81	7610	0.781956
65	82	7620	0.782984
65	83	7638	0.784834
65	84	7650	0.786067
65	85	7628	0.783806
65	86	7616	0.782573
65	87	7594	0.780312
65	88	7630	0.784012
65	89	7604	0.781340
65	90	7612	0.782162
65	91	7600	0.780929
65	92	7638	0.784834
65	93	7632	0.784217
65	94	7616	0.782573
65	95	7632	0.784217
65	96	7610	0.781956
65	97	7684	0.789560
65	98	7656	0.786683
65	99	7618	0.782778
66	67	7626	0.783600
66	68	7612	0.782162
66	69	7678	0.788944
66	70	7658	0.786889
66	71	7670	0.788122
66	72	7590	0.779901
66	73	7608	0.781751
66	74	7654	0.786478
66	75	7656	0.786683
66	76	7598	0.780723
66	77	7624	0.783395
66	78	7630	0.784012
66	79	7636	0.784628
66	80	7632	0.784217
66	81	7636	0.784628
66	82	7616	0.782573
66	83	7590	0.779901
66	84	7594	0.780312
66	85	7626	0.783600
66	86	7636	0.784628
66	87	7640	0.785039
66	88	7612	0.782162
66	89	7644	0.785450
66	90	7606	0.781545
66	91	7674	0.788533
66	92	7560	0.776819
66	93	7638	0.784834
66	94	7570	0.777846
66	95	7624	0.783395
66	96	7668	0.787916
66	97	7612	0.782162
66	98	7694	0.790588
66	99	7654	0.786478
67	68	7662	0.787300
67	69	7650	0.786067
67	70	7628	0.783806
67	71	7618	0.782778
67	72	7618	0.782778
67	73	7566	0.777435
67	74	7656	0.786683
67	75	7586	0.779490
67	76	7636	0.784628
67	77	7596	0.780518
67	78	7576	0.778463
67	79	7642	0.785245
67	80	7646	0.785656
67	81	7614	0.782367
67	82	7636	0.784628
67	83	7590	0.779901
67	84	7602	0.781134
67	85	7658	0.786889
67	86	7584	0.779285
67	87	7648	0.785861
67	88	7592	0.780107
67	89	7644	0.785450
67	90	7612	0.782162
67	91	7630	0.784012
67	92	7646	0.785656
67	93	7622	0.783189
67	94	7586	0.779490
67	95	7594	0.780312
67	96	7656	0.786683
67	97	7654	0.786478
67	98	7652	0.786272
67	99	7684	0.789560
68	69	7642	0.785245
68	70	7636	0.784628
68	71	7602	0.781134
68	72	7648	0.785861
68	73	7622	0.783189
68	74	7670	0.788122
68	75	7640	0.785039
68	76	7598	0.780723
68	77	7624	0.783395
68	78	7626	0.783600
68	79	7642	0.785245
68	80	7668	0.787916
68	81	7630	0.784012
68	82	7640	0.785039
68	83	7594	0.780312
68	84	7584	0.779285
68	85	7590	0.779901
68	86	7672	0.788327
68	87	7630	0.784012
68	88	7632	0.784217
68	89	7638	0.784834
68	90	7650	0.786067
68	91	7624	0.783395
68	92	7632	0.784217
68	93	7668	0.787916
68	94	7644	0.785450
68	95	7646	0.785656
68	96	7650	0.786067
68	97	7618	0.782778
68	98	7656	0.786683
68	99	7570	0.777846
69	70	7644	0.785450
69	71	7628	0.783806
69	72	7612	0.782162
69	73	7614	0.782367
69	74	7662	0.787300
69	75	7644	0.785450
69	76	7590	0.779901
69	77	7594	0.780312
69	78	7656	0.786683
69	79	7642	0.785245
69	80	7626	0.783600
69	81	7628	0.783806
69	82	7596	0.780518
69	83	7596	0.780518
69	84	7648	0.785861
69	85	7666	0.787711
69	86	7636	0.784628
69	87	7638	0.784834
69	88	7628	0.783806
69	89	7672	0.788327
69	90	7646	0.785656
69	91	7610	0.781956
69	92	7604	0.781340
69	93	7626	0.783600
69	94	7592	0.780107
69	95	7674	0.788533
69	96	7658	0.786889
69	97	7646	0.785656
69	98	7624	0.783395
69	99	7646	0.785656
70	71	7608	0.781751
70	72	7594	0.780312
70	73	7546	0.775380
70	74	7610	0.781956
70	75	7612	0.782162
70	76	7636	0.784628
70	77	7598	0.780723
70	78	7640	0.785039
70	79	7602	0.781134
70	80	7658	0.786889
70	81	7556	0.776408
70	82	7584	0.779285
70	83	7612	0.782162
70	84	7604	0.781340
70	85	7652	0.786272
70	86	7640	0.785039
70	87	7640	0.785039
70	88	7638	0.784834
70	89	7646	0.785656
70	90	7614	0.782367
70	91	7620	0.782984
70	92	7650	0.786067
70	93	7570	0.777846
70	94	7646	0.785656
70	95	7654	0.786478
70	96	7594	0.780312
70	97	7654	0.786478
70	98	7648	0.785861
70	99	7646	0.785656
71	72	7620	0.782984
71	73	7616	0.782573
71	74	7646	0.785656
71	75	7612	0.782162
71	76	7578	0.778668
71	77	7572	0.778052
71	78	7640	0.785039
71	79	7608	0.781751
71	80	7672	0.788327
71	81	7634	0.784423
71	82	7630	0.784012
71	83	7598	0.780723
71	84	7586	0.779490
71	85	7658	0.786889
71	86	7616	0.782573
71	87	7648	0.785861
71	88	7662	0.787300
71	89	7634	0.784423
71	90	7594	0.780312
71	91	7634	0.784423
71	92	7650	0.786067
71	93	7672	0.788327
71	94	7658	0.786889
71	95	7678	0.788944
71	96	7660	0.787094
71	97	7626	0.783600
71	98	7662	0.787300
71	99	7648	0.785861
72	73	7582	0.779079
72	74	7674	0.788533
72	75	7612	0.782162
72	76	7592	0.780107
72	77	7580	0.778874
72	78	7616	0.782573
72	79	7682	0.789355
72	80	7646	0.785656
72	81	7610	0.781956
72	82	7648	0.785861
72	83	7610	0.781956
72	84	7640	0.785039
72	85	7644	0.785450
72	86	7642	0.785245
72	87	7636	0.784628
72	88	7614	0.782367
72	89	7654	0.786478
72	90	7618	0.782778
72	91	7610	0.781956
72	92	7618	0.782778
72	93	7606	0.781545
72	94	7546	0.775380
72	95	7616	0.782573
72	96	7654	0.786478
72	97	7656	0.786683
72	98	7684	0.789560
72	99	7626	0.783600
73	74	7598	0.780723
73	75	7620	0.782984
73	76	7586	0.779490
73	77	7654	0.786478
73	78	7638	0.784834
73	79	7650	0.786067
73	80	7670	0.788122
73	81	7634	0.784423
73	82	7648	0.785861
73	83	7608	0.781751
73	84	7610	0.781956
73	85	7656	0.786683
73	86	7598	0.780723
73	87	7598	0.780723
73	88	7648	0.785861
73	89	7660	0.787094
73	90	7648	0.785861
73	91	7638	0.784834
73	92	7628	0.783806
73	93	7608	0.781751
73	94	7592	0.780107
73	95	7646	0.785656
73	96	7662	0.787300
73	97	7652	0.786272
73	98	7630	0.784012
73	99	7670	0.788122
74	75	7670	0.788122
74	76	7628	0.783806
74	77	7666	0.787711
74	78	7656	0.786683
74	79	7696	0.790793
74	80	7684	0.789560
74	81	7634	0.784423
74	82	7636	0.784628
74	83	7650	0.786067
74	84	7598	0.780723
74	85	7604	0.781340
74	86	7654	0.786478
74	87	7634	0.784423
74	88	7634	0.784423
74	89	7622	0.783189
74	90	7668	0.787916
74	91	7616	0.782573
74	92	7644	0.785450
74	93	7620	0.782984
74	94	7684	0.789560
74	95	7666	0.787711
74	96	7602	0.781134
74	97	7684	0.789560
74	98	7694	0.790588
74	99	7704	0.791615
75	76	7636	0.784628
75	77	7624	0.783395
75	78	7642	0.785245
75	79	7624	0.783395
75	80	7636	0.784628
75	81	7564	0.777230
75	82	7624	0.783395
75	83	7588	0.779696
75	84	7618	0.782778
75	85	7624	0.783395
75	86	7586	0.779490
75	87	7638	0.784834
75	88	7638	0.784834
75	89	7634	0.784423
75	90	7608	0.781751
75	91	7616	0.782573
75	92	7640	0.785039
75	93	7594	0.780312
75	94	7614	0.782367
75	95	7594	0.780312
75	96	7662	0.787300
75	97	7666	0.787711
75	98	7704	0.791615
75	99	7582	0.779079
76	77	7588	0.779696
76	78	7674	0.788533
76	79	7612	0.782162
76	80	7650	0.786067
76	81	7636	0.784628
76	82	7598	0.780723
76	83	7614	0.782367
76	84	7602	0.781134
76	85	7644	0.785450
76	86	7592	0.780107
76	87	7672	0.788327
76	88	7594	0.780312
76	89	7666	0.787711
76	90	7610	0.781956
76	91	7648	0.785861
76	92	7694	0.790588
76	93	7634	0.784423
76	94	7614	0.782367
76	95	7624	0.783395
76	96	7620	0.782984
76	97	7670	0.788122
76	98	7656	0.786683
76	99	7666	0.787711
77	78	7616	0.782573
77	79	7642	0.785245
77	80	7640	0.785039
77	81	7636	0.784628
77	82	7606	0.781545
77	83	7620	0.782984
77	84	7622	0.783189
77	85	7644	0.785450
77	86	7576	0.778463
77	87	7622	0.783189
77	88	7636	0.784628
77	89	7608	0.781751
77	90	7636	0.784628
77	91	7642	0.785245
77	92	7642	0.785245
77	93	7614	0.782367
77	94	7648	0.785861
77	95	7582	0.779079
77	96	7630	0.784012
77	97	7654	0.786478
77	98	7642	0.785245
77	99	7672	0.788327
78	79	7652	0.786272
78	80	7644	0.785450
78	81	7574	0.778257
78	82	7612	0.782162
78	83	7610	0.781956
78	84	7660	0.787094
78	85	7672	0.788327
78	86	7606	0.781545
78	87	7584	0.779285
78	88	7648	0.785861
78	89	7646	0.785656
78	90	7648	0.785861
78	91	7688	0.789971
78	92	7644	0.785450
78	93	7654	0.786478
78	94	7662	0.787300
78	95	7612	0.782162
78	96	7698	0.790999
78	97	7690	0.790177
78	98	7644	0.785450
78	99	7680	0.789149
79	80	7672	0.788327
79	81	7670	0.788122
79	82	7666	0.787711
79	83	7624	0.783395
79	84	7602	0.781134
79	85	7664	0.787505
79	86	7654	0.786478
79	87	7580	0.778874
79	88	7676	0.788738
79	89	7632	0.784217
79	90	7648	0.785861
79	91	7638	0.784834
79	92	7638	0.784834
79	93	7678	0.788944
79	94	7562	0.777024
79	95	7676	0.788738
79	96	7652	0.786272
79	97	7680	0.789149
79	98	7664	0.787505
79	99	7620	0.782984
80	81	7680	0.789149
80	82	7624	0.783395
80	83	7660	0.787094
80	84	7676	0.788738
80	85	7602	0.781134
80	86	7664	0.787505
80	87	7644	0.785450
80	88	7626	0.783600
80	89	7658	0.786889
80	90	7660	0.787094
80	91	7642	0.785245
80	92	7660	0.787094
80	93	7614	0.782367
80	94	7622	0.783189
80	95	7694	0.790588
80	96	7630	0.784012
80	97	7710	0.792232
80	98	7646	0.785656
80	99	7676	0.788738
81	82	7638	0.784834
81	83	7638	0.784834
81	84	7566	0.777435
81	85	7626	0.783600
81	86	7580	0.778874
81	87	7644	0.785450
81	88	7608	0.781751
81	89	7630	0.784012
81	90	7590	0.779901
81	91	7638	0.784834
81	92	7632	0.784217
81	93	7642	0.785245
81	94	7638	0.784834
81	95	7622	0.783189
81	96	7650	0.786067
81	97	7676	0.788738
81	98	7666	0.787711
81	99	7652	0.786272
82	83	7598	0.780723
82	84	7636	0.784628
82	85	7612	0.782162
82	86	7570	0.777846
82	87	7610	0.781956
82	88	7602	0.781134
82	89	7620	0.782984
82	90	7604	0.781340
82	91	7622	0.783189
82	92	7628	0.783806
82	93	7606	0.781545
82	94	7596	0.780518
82	95	7622	0.783189
82	96	7648	0.785861
82	97	7652	0.786272
82	98	7676	0.788738
82	99	7688	0.789971
83	84	7604	0.781340
83	85	7672	0.788327
83	86	7570	0.777846
83	87	7570	0.777846
83	88	7624	0.783395
83	89	7596	0.780518
83	90	7596	0.780518
83	91	7616	0.782573
83	92	7598	0.780723
83	93	7648	0.785861
83	94	7618	0.782778
83	95	7570	0.777846
83	96	7682	0.789355
83	97	7624	0.783395
83	98	7664	0.787505
83	99	7592	0.780107
84	85	7604	0.781340
84	86	7614	0.782367
84	87	7600	0.780929
84	88	7654	0.786478
84	89	7588	0.779696
84	90	7640	0.785039
84	91	7642	0.785245
84	92	7640	0.785039
84	93	7660	0.787094
84	94	7616	0.782573
84	95	7628	0.783806
84	96	7648	0.785861
84	97	7656	0.786683
84	98	7642	0.785245
84	99	7666	0.787711
85	86	7646	0.785656
85	87	7588	0.779696
85	88	7642	0.785245
85	89	7646	0.785656
85	90	7640	0.785039
85	91	7650	0.786067
85	92	7648	0.785861
85	93	7616	0.782573
85	94	7624	0.783395
85	95	7644	0.785450
85	96	7674	0.788533
85	97	7696	0.790793
85	98	7642	0.785245
85	99	7648	0.785861
86	87	7654	0.786478
86	88	7640	0.785039
86	89	7606	0.781545
86	90	7592	0.780107
86	91	7646	0.785656
86	92	7606	0.781545
86	93	7594	0.780312
86	94	7640	0.785039
86	95	7630	0.784012
86	96	7638	0.784834
86	97	7638	0.784834
86	98	7634	0.784423
86	99	7616	0.782573
87	88	7658	0.786889
87	89	7606	0.781545
87	90	7648	0.785861
87	91	7660	0.787094
87	92	7646	0.785656
87	93	7644	0.785450
87	94	7628	0.783806
87	95	7648	0.785861
87	96	7660	0.787094
87	97	7698	0.790999
87	98	7646	0.785656
87	99	7678	0.788944
88	89	7666	0.787711
88	90	7636	0.784628
88	91	7618	0.782778
88	92	7646	0.785656
88	93	7642	0.785245
88	94	7658	0.786889
88	95	7682	0.789355
88	96	7678	0.788944
88	97	7676	0.788738
88	98	7688	0.789971
88	99	7636	0.784628
89	90	7622	0.783189
89	91	7654	0.786478
89	92	7620	0.782984
89	93	7594	0.780312
89	94	7580	0.778874
89	95	7622	0.783189
89	96	7658	0.786889
89	97	7640	0.785039
89	98	7676	0.788738
89	99	7642	0.785245
90	91	7662	0.787300
90	92	7642	0.785245
90	93	7610	0.781956
90	94	7618	0.782778
90	95	7628	0.783806
90	96	7616	0.782573
90	97	7688	0.789971
90	98	7706	0.791821
90	99	7664	0.787505
91	92	7666	0.787711
91	93	7608	0.781751
91	94	7682	0.789355
91	95	7596	0.780518
91	96	7632	0.784217
91	97	7646	0.785656
91	98	7636	0.784628
91	99	7634	0.784423
92	93	7656	0.786683
92	94	7634	0.784423
92	95	7638	0.784834
92	96	7666	0.787711
92	97	7620	0.782984
92	98	7696	0.790793
92	99	7620	0.782984
93	94	7604	0.781340
93	95	7610	0.781956
93	96	7660	0.787094
93	97	7670	0.788122
93	98	7678	0.788944
93	99	7670	0.788122
94	95	7576	0.778463
94	96	7644	0.785450
94	97	7628	0.783806
94	98	7630	0.784012
94	99	7636	0.784628
95	96	7650	0.786067
95	97	7706	0.791821
95	98	7710	0.792232
95	99	7634	0.784423
96	97	7624	0.783395
96	98	7670	0.788122
96	99	7670	0.788122
97	98	7680	0.789149
97	99	7634	0.784423
98	99	7676	0.788738
